9 0.020221948212083847 0.18699453551912568 0.040443896424167694 0.09714025500910746
8 0.8623797780517879 0.1894353369763206 0.03055487053020962 0.07285974499089254
8 0.081134401972873 0.19597449908925318 0.07594327990135635 0.08956284153005464
8 0.6295684340320592 0.19961748633879783 0.028557336621454994 0.07134790528233151
8 0.8091615289765721 0.22358834244080145 0.02029593094944513 0.05009107468123861
6 0.9277188655980271 0.29979963570127505 0.05519112207151664 0.07134790528233151
1 0.5710850801479654 0.31025500910746817 0.28644882860665843 0.30358834244080146
5 0.2084217016029593 0.3161930783242259 0.041997533908754624 0.11143897996357013
9 0.1621454993834772 0.34887067395264115 0.04563501849568434 0.1039344262295082
9 0.03764488286066585 0.38160291438979965 0.0752897657213317 0.08196721311475409
9 0.3819482120838471 0.3818943533697632 0.05120838471023428 0.07892531876138434
9 0.3640813810110974 0.4140983606557377 0.04505548705302096 0.06679417122040072
1 0.170616522811344 0.04251366120218579 0.09462392108508014 0.08500910746812386
9 0.198557336621455 0.43185792349726776 0.042009864364981504 0.08045537340619308
9 0.26770653514180026 0.4326047358834244 0.04712700369913687 0.10018214936247723
9 0.1298890258939581 0.45987249544626596 0.055080147965474724 0.07821493624772313
9 0.013538840937114674 0.48633879781420764 0.027090012330456225 0.07285974499089254
8 0.5679161528976572 0.05265938069216758 0.01623921085080148 0.047049180327868846
9 0.3024414303329223 0.5107832422586521 0.057398273736128234 0.09258652094717668
2 0.8673612823674476 0.5174499089253187 0.264944512946979 0.35367941712204004
9 0.1532799013563502 0.5227686703096539 0.07474722564734895 0.09107468123861566
9 0.3823181257706535 0.5338433515482696 0.06180024660912453 0.08045537340619308
9 0.07558569667077682 0.5534244080145719 0.06977805178791616 0.1305464480874317
9 0.43123304562268805 0.5866666666666667 0.07824907521578299 0.08045537340619308
2 0.21755856966707768 0.6200728597449909 0.11700369913686806 0.18366120218579235
5 0.3731196054254008 0.650728597449909 0.0655980271270037 0.15027322404371585
9 0.4757583230579531 0.6574134790528233 0.06865598027127004 0.10169398907103824
9 0.027410604192355116 0.6619672131147541 0.05483353884093711 0.12901639344262295
9 0.8426510480887792 0.6791074681238616 0.0798766954377312 0.09411657559198543
1 0.969790382244143 0.07012750455373407 0.06041923551171394 0.14025500910746813
9 0.078865598027127 0.6997632058287796 0.08621454993834772 0.10624772313296903
8 0.712786683107275 0.7112932604735883 0.022367447595561037 0.04553734061930783
2 0.6029469790382245 0.7272313296903461 0.12821208384710234 0.20491803278688525
2 0.10311960542540073 0.07224043715846994 0.09032059186189889 0.13357012750455374
8 0.9059186189889027 0.734663023679417 0.03623921085080148 0.06679417122040072
9 0.13856966707768187 0.7463570127504554 0.0749075215782984 0.08652094717668488
8 0.8237484586929715 0.7534972677595628 0.022342786683107276 0.0607103825136612
6 0.6888409371146732 0.7563752276867031 0.03367447595561036 0.09562841530054644
8 0.8766584463625154 0.7667030965391621 0.029519112207151667 0.08347905282331511
9 0.7437114673242909 0.7932604735883424 0.052157829839704066 0.11839708561020036
9 0.26379778051787917 0.8116211293260474 0.08617755856966708 0.10777777777777778
9 0.8466584463625154 0.8164845173041895 0.05829839704069051 0.09562841530054644
8 0.39203452527743526 0.8261930783242258 0.03683107274969174 0.07134790528233151
9 0.9296794081381011 0.8339344262295082 0.09115906288532677 0.11233151183970856
8 0.8011467324291 0.8416757741347904 0.026461159062885327 0.08045537340619308
8 0.04096177558569667 0.8524590163934426 0.027669543773119608 0.07285974499089254
8 0.7215166461159063 0.08622950819672132 0.02749691738594328 0.06679417122040072
9 0.18212083847102342 0.8635336976320582 0.09543773119605427 0.11688524590163935
8 0.8340813810110975 0.8746265938069218 0.0331442663378545 0.08803278688524589
8 0.07373612823674476 0.8866120218579235 0.03896424167694205 0.10473588342440801
5 0.022774352651048088 0.09198542805100182 0.0430826140567201 0.04553734061930783
2 0.6670776818742293 0.924408014571949 0.1504315659679408 0.151183970856102
2 0.3884093711467324 0.9262295081967213 0.17509247842170161 0.14754098360655737
2 0.023304562268803945 0.9588524590163934 0.04660912453760789 0.0816575591985428
6 0.9278298397040691 0.11218579234972678 0.023341553637484587 0.07134790528233151
8 0.3397287299630086 0.11703096539162113 0.023489519112207154 0.05919854280510018
8 0.532577065351418 0.13479052823315119 0.024463625154130704 0.07285974499089254
8 0.5796300863131936 0.14965391621129326 0.02240443896424168 0.05160291438979963
1 0.2688286066584464 0.16879781420765028 0.26392108508014794 0.27928961748633885
5 0.47823674475955613 0.5329508196721311 0.10743526510480887 0.09238615664845173
9 0.4321331689272503 0.45774134790528237 0.07456226880394574 0.09830601092896174
9 0.5020838471023428 0.4675227686703097 0.0589272503082614 0.08349726775956284
9 0.5321454993834772 0.39675774134790526 0.06854500616522811 0.08171220400728597
9 0.5580024660912454 0.4580510018214936 0.07937114673242911 0.09533697632058288
9 0.5682244143033292 0.5385792349726776 0.07816276202219483 0.11191256830601093
9 0.6309617755856967 0.531183970856102 0.06574599260172627 0.10896174863387978
9 0.6660419235511713 0.49091074681238617 0.07014796547472256 0.10422586520947176
9 0.6532059186189889 0.6066848816029143 0.08298397040690506 0.11785063752276867
8 0.7812823674475956 0.7487978142076502 0.034475955610357586 0.07876138433515482
9 0.7514180024660913 0.6614571948998178 0.08138101109741061 0.11014571948998178
9 0.7079284833538841 0.5829872495446266 0.052108508014796544 0.09060109289617486
9 0.7408014796547472 0.5518943533697632 0.06815043156596795 0.10777777777777778
9 0.7911097410604193 0.600455373406193 0.06774352651048088 0.09357012750455374
9 0.8975339087546239 0.6543533697632058 0.07376078914919852 0.10540983606557376
8 0.9348212083847102 0.7858105646630237 0.03127003699136868 0.06395264116575591
8 0.4133908754623921 0.1038615664845173 0.015166461159062887 0.051712204007285975
8 0.45802712700369913 0.1202367941712204 0.01283600493218249 0.0482695810564663
8 0.5117139334155364 0.0368488160291439 0.00875462392108508 0.02628415300546448
8 0.41908754623921085 0.02865209471766849 0.01313193588162762 0.042659380692167584