2 0.21695550351288057 0.027777777777777776 0.0451288056206089 0.03968253968253968
2 0.4017798594847775 0.2648412698412698 0.08695550351288057 0.11169312169312169
2 0.2776814988290398 0.2652910052910053 0.08697892271662763 0.10730158730158731
2 0.17686182669789227 0.3064550264550265 0.09611241217798594 0.11023809523809525
2 0.18531615925058548 0.03349206349206349 0.04276346604215457 0.061719576719576716
2 0.35936768149882903 0.3567195767195767 0.15201405152224823 0.1896031746031746
10 0.6748711943793911 0.363015873015873 0.1459718969555035 0.19693121693121693
1 0.8887587822014051 0.4060846560846561 0.2224824355971897 0.28835978835978837
2 0.6092740046838409 0.45486772486772487 0.19747072599531615 0.24838624338624338
2 0.15644028103044497 0.45650793650793653 0.12084309133489461 0.1881216931216931
2 0.10894613583138174 0.05452380952380952 0.04929742388758782 0.04555555555555555
2 0.3435128805620609 0.582010582010582 0.18583138173302105 0.23809523809523808
2 0.2216393442622951 0.06145502645502646 0.0451288056206089 0.04883597883597884
1 0.3215222482435597 0.06407407407407407 0.10908665105386417 0.11756613756613755
10 0.58096018735363 0.06714285714285714 0.07997658079625293 0.0814021164021164
2 0.1889695550351288 0.7188359788359789 0.18587822014051522 0.3424338624338624
2 0.10140515222482435 0.07613756613756614 0.038899297423887584 0.04116402116402117
2 0.610327868852459 0.7998148148148148 0.17145199063231847 0.12346560846560847
2 0.3665105386416862 0.8994708994708994 0.22716627634660422 0.20105820105820105
1 0.43426229508196723 0.09037037037037036 0.14721311475409837 0.12785714285714286
2 0.12274004683840749 0.10171957671957672 0.04407494145199063 0.049973544973544975
2 0.17309133489461356 0.011190476190476192 0.03234192037470726 0.022380952380952383
10 0.21330210772833724 0.11626984126984127 0.0752927400468384 0.08965608465608466
8 0.5963934426229508 0.1166931216931217 0.021850117096018737 0.05878306878306878
2 0.1269086651053864 0.1405026455026455 0.057096018735363 0.05878306878306878
8 0.6381733021077284 0.1446031746031746 0.02576112412177986 0.08817460317460317
8 0.691639344262295 0.14507936507936509 0.029648711943793912 0.08378306878306879
8 0.7559016393442622 0.14507936507936509 0.027025761124121778 0.08378306878306879
2 0.1611241217798595 0.1737037037037037 0.05058548009367682 0.061719576719576716
2 0.34819672131147544 0.17989417989417988 0.09217798594847774 0.10582010582010581
8 0.7305386416861827 0.17989417989417988 0.02313817330210773 0.07936507936507936
2 0.2519672131147541 0.19105820105820107 0.07302107728337237 0.0911111111111111
8 0.8012880562060889 0.2012169312169312 0.03351288056206089 0.09552910052910053
10 0.10857142857142857 0.022777777777777775 0.06257611241217799 0.04555555555555555
1 0.5339344262295083 0.21915343915343916 0.1966744730679157 0.24251322751322751
2 0.1505854800936768 0.2222222222222222 0.08571428571428572 0.10582010582010581
8 0.8578220140515223 0.22867724867724867 0.03414519906323185 0.07642857142857143
8 0.8210772833723654 0.2543915343915344 0.03091334894613583 0.07494708994708994