10 0.233844 0.0831275720164609 0.068712 0.08065843621399177
1 0.346204 0.8497942386831275 0.48223599999999994 0.3004115226337449
3 0.623796 0.8518518518518519 0.099816 0.12016460905349795
3 0.73178 0.8518518518518519 0.11258800000000001 0.2683127572016461
3 0.84498 0.8810699588477366 0.09461599999999999 0.23786008230452674
3 0.064676 0.8991769547325102 0.12082799999999999 0.20164609053497942
8 0.9489639999999999 0.9016460905349795 0.040244 0.19670781893004116
8 0.9105639999999999 0.9074074074074074 0.044552 0.18518518518518517
3 0.030944 0.9337448559670782 0.061888 0.1325102880658436
1 0.570992 0.9353909465020576 0.287004 0.12921810699588476
3 0.804984 0.942798353909465 0.10420399999999999 0.11440329218106995
10 0.870568 0.10123456790123457 0.042963999999999995 0.08065843621399177
2 0.45061999999999997 0.1094650205761317 0.036663999999999995 0.047736625514403296
1 0.654192 0.1325102880658436 0.074212 0.097119341563786
1 0.392624 0.14732510288065845 0.077472 0.14650205761316873
2 0.44582 0.15720164609053497 0.036663999999999995 0.060905349794238686
1 0.8209719999999999 0.17366255144032922 0.073372 0.1728395061728395
1 0.188644 0.17366255144032922 0.11911600000000001 0.15308641975308643
1 0.292636 0.1794238683127572 0.099892 0.2074074074074074
1 0.9149639999999999 0.19094650205761318 0.053352 0.15473251028806584
2 0.571808 0.205761316872428 0.026556 0.08888888888888889
1 0.521408 0.2139917695473251 0.09664 0.19094650205761318
2 0.021075999999999998 0.22304526748971193 0.035227999999999995 0.07407407407407407
10 0.44782 0.023045267489711935 0.034263999999999996 0.04609053497942387
2 0.19025599999999998 0.023045267489711935 0.029668 0.03621399176954732
10 0.09466000000000001 0.2353909465020576 0.081544 0.151440329218107
2 0.425428 0.24609053497942388 0.056920000000000005 0.11358024691358025
1 0.638592 0.2609053497942387 0.087812 0.205761316872428
4 0.189048 0.2625514403292181 0.055924 0.11358024691358025
2 0.585404 0.2707818930041152 0.024631999999999998 0.12674897119341563
2 0.360236 0.2757201646090535 0.054504 0.12016460905349795
1 0.72618 0.2773662551440329 0.147784 0.2814814814814815
1 0.640596 0.027983539094650206 0.027819999999999998 0.05596707818930041
1 0.221052 0.027983539094650206 0.038472000000000006 0.05596707818930041
1 0.9417559999999999 0.3135802469135803 0.09254 0.22551440329218106
2 0.250648 0.3168724279835391 0.073676 0.12674897119341563
2 0.153856 0.03209876543209877 0.035136 0.044444444444444446
2 0.11785599999999999 0.3234567901234568 0.05754 0.09053497942386832
8 0.026272000000000004 0.32592592592592595 0.026427999999999997 0.10534979423868313
3 0.12466400000000001 0.34238683127572017 0.047248000000000005 0.06255144032921811
2 0.44462799999999997 0.345679012345679 0.064924 0.12510288065843622
2 0.32303200000000004 0.3465020576131687 0.080688 0.10699588477366255
3 0.181856 0.36790123456790125 0.05766 0.097119341563786
2 0.5938 0.38353909465020575 0.079824 0.12510288065843622
2 0.413832 0.39423868312757204 0.09771200000000001 0.15308641975308643
10 0.513008 0.39670781893004115 0.08944400000000001 0.18436213991769548
2 0.245452 0.40987654320987654 0.096872 0.11193415637860082
2 0.036144 0.4213991769547325 0.072288 0.12510288065843622
1 0.29343600000000003 0.04279835390946502 0.0535 0.08559670781893004
2 0.13026400000000002 0.43868312757201644 0.09044400000000001 0.14650205761316873
3 0.92256 0.47242798353909465 0.062148 0.0757201646090535
1 0.782572 0.4773662551440329 0.20136400000000002 0.4773662551440329
2 0.44342 0.048559670781893 0.015868 0.047736625514403296
1 0.674592 0.048559670781893 0.046208 0.097119341563786
2 0.472624 0.4888888888888889 0.096924 0.09218106995884774
2 0.173848 0.49218106995884775 0.11352000000000001 0.1646090534979424
9 0.9449639999999999 0.49382716049382713 0.046644 0.04938271604938271
2 0.45742 0.05267489711934156 0.021463999999999997 0.0691358024691358
2 0.644592 0.5497942386831276 0.098212 0.24362139917695474
1 0.583 0.0551440329218107 0.074228 0.1102880658436214
2 0.39022399999999996 0.5555555555555556 0.095072 0.13662551440329218
2 0.9641559999999999 0.5711934156378601 0.049339999999999995 0.10205761316872428
2 0.056915999999999994 0.5818930041152264 0.11383199999999999 0.1662551440329218
10 0.48181599999999997 0.05843621399176955 0.033456 0.09053497942386832
8 0.94776 0.5983539094650205 0.024548 0.05761316872427984
4 0.892164 0.605761316872428 0.098952 0.194238683127572
1 0.733384 0.06584362139917696 0.082192 0.12510288065843622
1 0.43983999999999995 0.6699588477366255 0.2617 0.3094650205761317
2 0.29583200000000004 0.6880658436213992 0.12229200000000001 0.26995884773662554
1 0.521412 0.0691358024691358 0.050244 0.0823045267489712
2 0.6502 0.0691358024691358 0.047372000000000004 0.05267489711934156
3 0.944156 0.7193415637860082 0.09414 0.21069958847736625
8 0.833376 0.7275720164609053 0.024576 0.09218106995884774
2 0.621408 0.7374485596707819 0.11775999999999999 0.18436213991769548
2 0.110252 0.751440329218107 0.151132 0.2584362139917695
10 0.308244 0.7563786008230453 0.113684 0.2189300411522634
3 0.8917639999999999 0.7917695473251029 0.086952 0.2271604938271605
3 0.14066800000000002 0.2674897119341564 0.039136000000000004 0.08395061728395062
3 0.774984 0.7168724279835391 0.085372 0.15967078189300413