1 0.4320404234841193 0.15236051502145923 0.3482001924927815 0.30472103004291845
10 0.6723869104908566 0.15665236051502146 0.16479307025986525 0.2703862660944206
9 0.07935514918190568 0.16022889842632332 0.04706448508180943 0.10872675250357654
4 0.1707747834456208 0.19456366237482117 0.15098171318575554 0.19742489270386265
9 0.03237247353224254 0.2017167381974249 0.06474494706448508 0.14878397711015737
9 0.30407122232916267 0.22389127324749641 0.06723772858517806 0.1044349070100143
9 0.21794032723772858 0.22603719599427755 0.06629451395572665 0.11158798283261803
9 0.10197786333012512 0.28898426323319026 0.07691049085659288 0.13447782546494993
9 0.3671029836381136 0.2932761087267525 0.07973051010587104 0.17167381974248927
3 0.5917998075072185 0.32689556509299 0.14028873917228102 0.21316165951359084
2 0.1977237728585178 0.032904148783977114 0.07590952839268528 0.06580829756795423
9 0.2838594802694899 0.3440629470672389 0.08456207892204043 0.23319027181688126
9 0.1723243503368624 0.3540772532188841 0.1021077959576516 0.18741058655221746
9 0.3199470644850818 0.3855507868383405 0.10283926852743022 0.23891273247496422
8 0.9825216554379211 0.03934191702432046 0.018941289701636187 0.07868383404864092
8 0.7602213666987488 0.03934191702432046 0.017074109720885466 0.07868383404864092
9 0.11784889316650625 0.04005722460658083 0.03358036573628489 0.05436337625178827
9 0.1481665062560154 0.0407725321888412 0.038392685274302216 0.04721030042918455
2 0.8655822906641001 0.40486409155937053 0.2547449470644851 0.2832618025751073
9 0.502795957651588 0.413447782546495 0.11242540904716074 0.23462088698140202
9 0.17570259865255053 0.04220314735336195 0.03956689124157844 0.044349070100143065
8 0.7270211742059672 0.04363376251788269 0.023820981713185755 0.055793991416309016
9 0.6904523580365737 0.43061516452074394 0.127776708373436 0.2117310443490701
8 0.9166025024061598 0.045779685264663805 0.01992300288739172 0.09155937052932761
9 0.36468719923002885 0.45994277539341916 0.12687199230028873 0.2532188841201717
9 0.09571703561116458 0.04721030042918455 0.03743984600577478 0.04005722460658083
9 0.5759287776708373 0.5 0.15089509143407123 0.22746781115879827
9 0.22274783445620788 0.05078683834048641 0.04126082771896054 0.07010014306151645
9 0.8742589027911454 0.5071530758226037 0.13542829643888354 0.296137339055794
9 0.781390760346487 0.5636623748211731 0.15565928777670837 0.24320457796852646
9 0.414735322425409 0.6216022889842633 0.15959576515880655 0.3590844062947067
9 0.10975938402309914 0.628755364806867 0.15792107795957652 0.4248927038626609
9 0.6659095283926852 0.6294706723891274 0.1768623676612127 0.2804005722460658
9 0.2857795957651588 0.6659513590844063 0.16539942252165543 0.3218884120171674
8 0.8836814244465833 0.07010014306151645 0.02915303176130895 0.10014306151645208
8 0.9565399422521655 0.07081545064377683 0.022800769971126084 0.09298998569384835
8 0.8545283926852744 0.07224606580829757 0.026669874879692013 0.10157367668097282
9 0.9733589990375361 0.7453505007153076 0.05258902791145332 0.24606580829756797
9 0.07454764196342636 0.07582260371959942 0.03552454282964389 0.06580829756795423
9 0.07043310875842157 0.7782546494992847 0.14086621751684314 0.4434907010014306
9 0.5270259865255054 0.790414878397711 0.22440808469682386 0.41917024320457796
8 0.718594802694899 0.8254649499284692 0.06086621751684312 0.30042918454935624
9 0.8699230028873918 0.8597997138769671 0.21915303176130893 0.2804005722460658
8 0.6827478344562079 0.8612303290414879 0.08156881616939365 0.27753934191702434
9 0.28914821944177094 0.8726752503576538 0.2067853705486044 0.25464949928469244
3 0.16596727622714147 0.08869814020028613 0.06821944177093359 0.07725321888412018
9 0.027560153994225216 0.11015736766809728 0.05512030798845043 0.10300429184549356