2 0.08026056338028169 0.25046341463414634 0.16052112676056338 0.16921951219512193
2 0.23312676056338025 0.291 0.27470422535211264 0.1722439024390244
2 0.9211267605633803 0.29634146341463413 0.15774647887323945 0.18292682926829268
2 0.7749647887323944 0.32103658536585367 0.15556338028169014 0.2225609756097561
2 0.5284154929577465 0.3253048780487805 0.26246478873239437 0.21646341463414634
2 0.12823943661971832 0.38384146341463415 0.25647887323943663 0.21646341463414634
2 0.4472394366197183 0.43414634146341463 0.30292957746478877 0.21951219512195122
2 0.9229084507042253 0.4629634146341463 0.15285915492957747 0.2576341463414634
2 0.1237887323943662 0.5763780487804878 0.2475774647887324 0.29421951219512193
3 0.458887323943662 0.6132682926829268 0.24453521126760563 0.2850731707317073
2 0.6295633802816901 0.07028048780487806 0.18025352112676057 0.1356829268292683
2 0.9505492957746479 0.7245487804878049 0.09828169014084508 0.3856829268292683
2 0.7802464788732395 0.7498536585365854 0.1942957746478873 0.3582439024390244
2 0.40498591549295776 0.07896341463414634 0.2043380281690141 0.11890243902439024
2 0.47675352112676056 0.8641829268292683 0.2718169014084507 0.2698292682926829
2 0.7971830985915493 0.95 0.2084507042253521 0.1
2 0.8977323943661971 0.0951219512195122 0.20391549295774647 0.14634146341463414
2 0.7182816901408451 0.1475609756097561 0.22247887323943663 0.13414634146341464
2 0.23788028169014083 0.15152439024390243 0.22787323943661972 0.13719512195121952
2 0.48609154929577464 0.15182926829268292 0.18908450704225352 0.12804878048780488
2 0.9035211267605634 0.20121951219512196 0.19295774647887323 0.14878048780487804
2 0.35344366197183097 0.20548780487804877 0.25336619718309855 0.1524390243902439
2 0.6416126760563381 0.21859756097560976 0.22688732394366198 0.14939024390243902