9 0.6917812499999999 0.385933962264151 0.3110625 0.2813018867924528
5 0.359775 0.43362264150943397 0.36455 0.2521509433962264
9 0.9122875 0.4487169811320755 0.174575 0.17667924528301887
3 0.08537499999999999 0.46089622641509437 0.17074999999999999 0.3104716981132076
9 0.6022500000000001 0.6806132075471698 0.27699999999999997 0.255566037735849
9 0.30296875 0.6943396226415094 0.3259375 0.2641509433962264
9 0.8675 0.7056603773584905 0.265 0.2490566037735849
3 0.0672 0.799311320754717 0.1344 0.2967358490566038
9 0.91 0.8952830188679245 0.18 0.1339622641509434
9 0.5902125 0.9193867924528302 0.297925 0.15952830188679246
9 0.294675 0.9329339622641509 0.29185 0.13379245283018867
9 0.55248125 0.10840566037735849 0.32246250000000004 0.20926415094339623
10 0.879375 0.14339622641509434 0.24125 0.28679245283018867
3 0.21286249999999998 0.14750943396226415 0.340725 0.2950188679245283