9 0.9009675615212528 0.2031093189964158 0.065917225950783 0.11948028673835126
8 0.21248881431767339 0.21352150537634407 0.03347874720357942 0.07937275985663082
9 0.7024720357941834 0.23103046594982077 0.07384787472035793 0.13589605734767024
9 0.5924608501118568 0.23984767025089607 0.07530201342281878 0.11051971326164875
8 0.353489932885906 0.2413351254480287 0.04926174496644295 0.25686379928315417
8 0.7892170022371364 0.24551971326164876 0.059418344519015655 0.10752688172043011
8 0.4704586129753915 0.24880824372759858 0.05948545861297539 0.1463620071684588
9 0.9730816554809842 0.2777777777777778 0.053545861297539146 0.23297491039426524
9 0.5534116331096197 0.2783781362007169 0.06879194630872483 0.10155913978494624
9 0.6442058165548098 0.2818100358422939 0.0803579418344519 0.20161290322580644
9 0.8432718120805369 0.2837544802867384 0.07804250559284116 0.17324372759856632
8 0.3111521252796421 0.28981182795698923 0.04064876957494407 0.19969534050179213
9 0.7448489932885906 0.3007795698924731 0.10043624161073826 0.1463620071684588
9 0.9019854586129754 0.30734767025089604 0.10598434004474273 0.11648745519713262
9 0.5166890380313199 0.31675627240143367 0.08930648769574945 0.10304659498207885
9 0.7572427293064877 0.03327956989247312 0.058109619686800895 0.04863799283154122
8 0.20651006711409398 0.3482706093189964 0.05955257270693513 0.24492831541218635
8 0.1638255033557047 0.3703673835125448 0.061431767337807607 0.18517921146953406
8 0.05465324384787472 0.40456989247311825 0.04666666666666667 0.19265232974910393
9 0.9864093959731544 0.40636200716845877 0.026510067114093958 0.22849462365591397
8 0.26196868008948543 0.44937275985663083 0.04742729306487695 0.12096774193548387
8 0.09112416107382551 0.4520609318996416 0.0502572706935123 0.2553763440860215
9 0.41747762863534676 0.46221326164874554 0.11012304250559285 0.3509498207885305
9 0.9032046979865772 0.046442652329749104 0.05473154362416107 0.06421146953405017
8 0.9162192393736018 0.48886200716845873 0.13445190156599554 0.2393727598566308
8 0.48462527964205815 0.4925358422939068 0.07439597315436242 0.21804659498207885
3 0.8231543624161074 0.05260752688172043 0.07807606263982103 0.05503584229390681
9 0.35567114093959734 0.520905017921147 0.11850111856823266 0.27478494623655914
5 0.6783892617449665 0.5618279569892473 0.1643847874720358 0.4390681003584229
8 0.15170022371364653 0.5698924731182796 0.06626398210290828 0.12544802867383512
9 0.8003914988814317 0.5975179211469535 0.1600671140939597 0.395752688172043
8 0.07639821029082773 0.6143996415770608 0.09686800894854586 0.2538888888888889
9 0.31772930648769576 0.6151433691756273 0.1343400447427293 0.2553763440860215
3 0.6265492170022371 0.06349462365591398 0.029384787472035795 0.0768100358422939
8 0.02634787472035794 0.6516935483870967 0.05269574944071588 0.23170250896057346
8 0.972427293064877 0.6524820788530465 0.05447427293064877 0.15084229390681003
9 0.17425615212527965 0.7131093189964158 0.14717002237136464 0.1896594982078853
3 0.618255033557047 0.7143010752688171 0.19176733780760627 0.4178494623655914
8 0.44161073825503355 0.07206989247311829 0.028635346756152126 0.06528673835125448
9 0.2778970917225951 0.7199820788530465 0.13968680089485458 0.300179211469534
9 0.4261465324384788 0.739094982078853 0.15206935123042503 0.2523835125448029
9 0.9748322147651006 0.07795698924731183 0.050335570469798654 0.09498207885304659
9 0.492427293064877 0.7856899641577061 0.17724832214765102 0.42801075268817207
3 0.848434004474273 0.7992831541218638 0.20693512304250558 0.4014336917562724
9 0.4356823266219239 0.8781362007168458 0.18680089485458612 0.24372759856630824
9 0.25459731543624164 0.8797759856630825 0.18257270693512304 0.23983870967741938
9 0.7835570469798657 0.8817204301075269 0.17114093959731544 0.23655913978494625
9 0.0883668903803132 0.8826164874551972 0.16778523489932887 0.23476702508960573
8 0.9842673378076062 0.8832168458781362 0.031174496644295304 0.23238351254480286
8 0.9452348993288591 0.8942652329749103 0.06496644295302013 0.2114695340501792
9 0.8132606263982103 0.1152956989247312 0.053814317673378076 0.0657168458781362
9 0.7137192393736018 0.11872759856630824 0.05383668903803132 0.05824372759856631
8 0.4681040268456376 0.1207078853046595 0.03687919463087248 0.10879928315412186
9 0.8795525727069352 0.1275 0.07006711409395973 0.04353046594982079
9 0.6646029082774049 0.14620967741935487 0.05851230425055929 0.07019713261648745
8 0.9720357941834452 0.17293906810035842 0.05592841163310962 0.12007168458781362