9 0.42456268221574345 0.916058394160584 0.09839650145772595 0.1678832116788321
8 0.8956122448979592 0.9425182481751825 0.043411078717201165 0.11496350364963503
8 0.8053935860058309 0.9502737226277372 0.030612244897959183 0.09945255474452555
1 0.5308600583090379 0.10903284671532847 0.09087463556851312 0.14142335766423358
8 0.4422776967930029 0.12880018248175182 0.017208454810495627 0.04409671532846715
8 0.43065597667638483 0.14294251824817517 0.021661807580174927 0.04865875912408759
1 0.7324854227405247 0.15632755474452553 0.12240524781341108 0.19769160583941606
8 0.45434037900874635 0.1639279197080292 0.025298833819241983 0.05778284671532847
8 0.4107361516034985 0.18324361313868615 0.024096209912536446 0.08364051094890511
1 0.591100583090379 0.19510492700729926 0.1443002915451895 0.18400547445255475
10 0.13379373177842566 0.27022354014598543 0.11889941690962098 0.19920620437956205
2 0.2767638483965015 0.2849771897810219 0.09871720116618075 0.11557481751824818
8 0.010666909620991254 0.2913640510948905 0.021333819241982507 0.09732664233576642
1 0.7881122448979592 0.3052007299270073 0.17097667638483965 0.26916058394160586
8 0.02412536443148688 0.32329835766423354 0.030758017492711374 0.09732664233576642
1 0.4579737609329446 0.347933394160584 0.19291545189504375 0.32542883211678836
1 0.1593039358600583 0.037559306569343066 0.07516763848396502 0.07146897810218977
1 0.6146683673469389 0.3698312043795621 0.15207725947521866 0.27068430656934306
2 0.10120991253644315 0.4001414233576642 0.11495626822157434 0.12875
1 0.22635204081632654 0.040296532846715326 0.08973032069970846 0.08059306569343065
8 0.32838192419825074 0.4095209854014598 0.05326530612244898 0.12926094890510947
9 0.14137390670553937 0.4519479927007299 0.07283527696793003 0.16119525547445254
8 0.2862354227405248 0.45970346715328464 0.05206268221574344 0.1201368613138686
1 0.8691253644314869 0.4721715328467153 0.23533527696793002 0.38777372262773724
8 0.19920189504373179 0.4818293795620438 0.03397230320699708 0.09504562043795621
1 0.6071355685131196 0.05018248175182482 0.0932798833819242 0.10036496350364964
9 0.595597667638484 0.5200729927007299 0.07020408163265306 0.11861313868613138
9 0.676978862973761 0.5246350364963503 0.06532798833819242 0.13686131386861314
9 0.5336516034985422 0.5611313868613139 0.07021865889212828 0.12773722627737227
9 0.5364467930029154 0.565999087591241 0.07143586005830904 0.13382299270072992
2 0.40975583090379003 0.5735994525547445 0.1431268221574344 0.18552007299270074
9 0.7103753644314869 0.598690693430657 0.07089650145772594 0.18095802919708032
9 0.6064978134110788 0.6133394160583941 0.061392128279883385 0.11354014598540146
1 0.7173032069970845 0.06341240875912409 0.10661807580174927 0.12317518248175183
5 0.7950583090379009 0.676094890510949 0.1003206997084548 0.21897810218978103
9 0.525393586005831 0.6771578467153284 0.09451895043731778 0.15358576642335767
1 0.1061042274052478 0.07025547445255474 0.0897594752186589 0.09124087591240876
3 0.3389467930029154 0.6967746350364963 0.12978862973760932 0.21289233576642336
9 0.428786443148688 0.7203467153284672 0.09372448979591837 0.19616788321167883
1 0.30020043731778423 0.08166058394160584 0.10914723032069971 0.15967153284671534
5 0.7980758017492712 0.8161496350364964 0.11510204081632652 0.21441605839416059
10 0.927015306122449 0.815999087591241 0.14557580174927112 0.36739963503649636
8 0.18870262390670553 0.8237545620437956 0.03629737609329446 0.14750912408759123
1 0.6496355685131195 0.8365282846715328 0.3021865889212828 0.32634124087591243
8 0.12529518950437318 0.8564461678832116 0.05088192419825073 0.2037682481751825
8 0.4482689504373178 0.08789689781021899 0.02044460641399417 0.024333941605839418
6 0.33420918367346936 0.878499087591241 0.08241253644314868 0.17488138686131385
8 0.7881632653061224 0.8888366788321167 0.04279883381924198 0.07146897810218977
6 0.22565597667638485 0.9095209854014599 0.07667638483965014 0.18035583941605837
8 0.0638338192419825 0.9118020072992701 0.06790087463556851 0.17579379562043795