3 0.33165194346289756 0.01769230769230769 0.03609540636042403 0.03538461538461538
1 0.3735998233215548 0.17923076923076922 0.14825971731448764 0.3153846153846154
1 0.07966431095406361 0.18 0.15932862190812722 0.20615384615384616
8 0.8474911660777386 0.18307692307692308 0.01653710247349823 0.07384615384615385
8 0.8015636042402827 0.18384615384615385 0.02362190812720848 0.05692307692307692
3 0.483577738515901 0.18846153846153846 0.041360424028268554 0.09692307692307692
8 0.8293860424028269 0.19923076923076924 0.020962897526501767 0.08461538461538462
1 0.19120583038869257 0.23384615384615384 0.13506183745583036 0.19692307692307692
3 0.4999160777385159 0.25384615384615383 0.047535335689045936 0.1076923076923077
1 0.25401943462897525 0.026153846153846153 0.06104240282685512 0.052307692307692305
8 0.7099028268551237 0.27307692307692305 0.10708480565371024 0.2876923076923077
3 0.4332287985865725 0.31846153846153846 0.05373674911660777 0.14153846153846153
1 0.8121598939929329 0.3546153846153846 0.06071554770318022 0.13076923076923078
3 0.4899160777385159 0.37461538461538463 0.06817137809187279 0.14615384615384616
8 0.9084408127208481 0.3769230769230769 0.03949646643109541 0.14153846153846153
1 0.8753180212014134 0.38846153846153847 0.038621908127208476 0.11846153846153847
1 0.5643992932862191 0.04461538461538461 0.05106007067137809 0.08923076923076922
3 0.8390989399293286 0.47615384615384615 0.08279151943462898 0.19846153846153847
9 0.7874293286219082 0.5 0.048356890459363956 0.16615384615384615
3 0.38376325088339225 0.5092307692307693 0.08024734982332156 0.21846153846153846
8 0.7167667844522968 0.05307692307692308 0.01303886925795053 0.05384615384615385
6 0.47651060070671375 0.5446153846153846 0.04666077738515901 0.18461538461538463
1 0.17551236749116608 0.5507692307692308 0.35102473498233216 0.6707692307692308
0 0.5361351590106007 0.5507692307692308 0.04046819787985866 0.18769230769230769
3 0.23140017667844523 0.05615384615384615 0.03523851590106007 0.06923076923076923
2 0.5091916961130741 0.05615384615384615 0.04135159010600707 0.08461538461538462
8 0.7353180212014134 0.05615384615384615 0.01303886925795053 0.06615384615384616
1 0.4413250883392226 0.05692307692307692 0.0681625441696113 0.11384615384615385
3 0.9291696113074205 0.6484615384615384 0.14102473498233214 0.24461538461538462
1 0.7604726148409894 0.683076923076923 0.3195318021201413 0.6307692307692307
8 0.11752208480565371 0.07307692307692308 0.07956713780918727 0.10615384615384615
8 0.9653886925795052 0.7930769230769231 0.06858657243816255 0.25076923076923074
3 0.1890017667844523 0.08153846153846153 0.04938162544169611 0.07384615384615385
3 0.40672703180212016 0.8546153846153847 0.12264134275618375 0.2907692307692308
8 0.7777120141342756 0.09153846153846154 0.014787985865724381 0.06
3 0.7799204946996466 0.09384615384615384 0.01920494699646643 0.06153846153846154
8 0.967155477031802 0.9684615384615385 0.06505300353356891 0.06307692307692307
8 0.8249690812720848 0.10153846153846154 0.020962897526501767 0.06153846153846154
3 0.3850927561837456 0.013076923076923076 0.026369257950530037 0.026153846153846153
2 0.4981537102473498 0.12461538461538461 0.04224381625441696 0.07384615384615385
8 0.8046554770318021 0.1346153846153846 0.02450530035335689 0.05692307692307692
1 0.6536086572438162 0.13538461538461538 0.09873674911660776 0.2123076923076923