9 0.16987500000000003 0.6748564814814815 0.16822135416666667 0.24600925925925926
2 0.4672578125 0.712537037037037 0.23971614583333334 0.2611851851851852
8 0.6783854166666666 0.7420046296296297 0.08368489583333334 0.321662037037037
9 0.8288072916666667 0.7103611111111111 0.1310546875 0.3910972222222222
9 0.9317708333333333 0.7863425925925925 0.13645833333333332 0.4273148148148148
9 0.7536536458333334 0.6046990740740741 0.056265625 0.1615462962962963
9 0.3050703125 0.5660694444444445 0.050914062499999996 0.07589351851851853
9 0.6230546875 0.553861111111111 0.038515625000000005 0.07158796296296296
9 0.5215390625 0.5477638888888889 0.01665625 0.06006481481481482
9 0.5362916666666667 0.5393055555555556 0.019986979166666665 0.03468518518518519
9 0.5547317708333334 0.5289444444444444 0.016416666666666666 0.020726851851851854
2 0.8186692708333333 0.5403472222222223 0.06341927083333333 0.06631944444444444
6 0.7790052083333333 0.5379027777777777 0.016296875 0.04398148148148148
9 0.7201015625 0.5803148148148148 0.03318229166666667 0.10646296296296297
2 0.36210156250000003 0.5415000000000001 0.044023437500000005 0.0505462962962963
9 0.13463020833333333 0.58 0.0780234375 0.09791203703703705
9 0.2816901041666667 0.5738796296296296 0.05469270833333333 0.08839351851851852
6 0.245546875 0.5810185185185185 0.0275390625 0.08363425925925926