2 0.658935546875 0.737199074074074 0.07552490234375 0.11081944444444444
9 0.556328125 0.7769351851851852 0.03795166015625 0.12702314814814816
9 0.57732177734375 0.910375 0.0604052734375 0.1732175925925926
9 0.48423095703125 0.9087962962962963 0.06465087890625 0.1824074074074074
9 0.47906494140625 0.7964629629629629 0.0518798828125 0.07811111111111112
6 0.43036376953125 0.8697777777777778 0.03992431640625 0.1506759259259259
6 0.7418603515625 0.8050324074074073 0.03986572265625 0.14990277777777777
2 0.70621826171875 0.6560833333333334 0.0398779296875 0.06741666666666667
3 0.5743505859375 0.6634953703703704 0.0324951171875 0.08532407407407408
9 0.5170263671875 0.735574074074074 0.05211669921875 0.09985648148148148
8 0.4025341796875 0.7772453703703703 0.02332763671875 0.13072685185185184
8 0.479462890625 0.6568981481481482 0.01751953125 0.07027314814814814
2 0.6503466796875 0.6016805555555556 0.037021484375 0.06400462962962963
9 0.5541015625 0.5752824074074073 0.031298828125 0.04825462962962963
10 0.61360595703125 0.6257731481481482 0.03255126953125 0.08179166666666667
9 0.592041015625 0.7924398148148148 0.04313232421875 0.14043055555555556
3 0.56193115234375 0.6388888888888888 0.02360107421875 0.06790277777777777
2 0.46345947265625 0.6095694444444445 0.04638671875 0.043208333333333335
9 0.70271728515625 0.5941342592592592 0.01383544921875 0.05246759259259259