3 0.0230029296875 0.9433287037037037 0.04600830078125 0.11334259259259259
3 0.12107177734375 0.9303472222222222 0.10697509765625 0.1393101851851852
9 0.26259033203125 0.8779259259259259 0.0790478515625 0.08644907407407407
8 0.30050537109375 0.8196527777777778 0.01617919921875 0.08789351851851851
9 0.3516845703125 0.8156064814814815 0.0608642578125 0.10056018518518518
9 0.48168212890625 0.8016064814814815 0.0316796875 0.10649537037037037
9 0.481630859375 0.7283842592592592 0.0333203125 0.06730555555555555
9 0.509794921875 0.6916898148148148 0.01984619140625 0.06843055555555555
9 0.52085693359375 0.6609675925925926 0.0166015625 0.05595370370370371
9 0.505869140625 0.6357407407407407 0.0112548828125 0.045222222222222226
2 0.48119384765625 0.6369861111111111 0.028203125 0.036564814814814814
2 0.54939208984375 0.6523981481481482 0.026357421875 0.041171296296296296
7 0.56144775390625 0.7665509259259259 0.02876220703125 0.09277314814814815
6 0.59807373046875 0.7584722222222222 0.0224462890625 0.07938888888888888
2 0.74857177734375 0.6966712962962963 0.0524072265625 0.06186574074074074
5 0.8607275390625 0.8503287037037037 0.102060546875 0.07152314814814816
9 0.90443359375 0.9539537037037037 0.06603271484375 0.09147685185185185
9 0.89695068359375 0.7529675925925926 0.04588134765625 0.09794907407407408
9 0.950478515625 0.7846388888888889 0.05375732421875 0.1087962962962963
8 0.8679833984375 0.7102453703703704 0.01129150390625 0.06524537037037037
9 0.7634912109375 0.6561898148148148 0.01435791015625 0.04749074074074074
9 0.70342041015625 0.629125 0.01544677734375 0.045912037037037036
9 0.6782177734375 0.6041342592592593 0.01057373046875 0.036273148148148145
8 0.64741943359375 0.6006666666666667 0.0062353515625 0.03258333333333333
9 0.6235595703125 0.5887592592592593 0.0106005859375 0.03234259259259259
8 0.66923583984375 0.5944953703703704 0.005302734375 0.0381712962962963
6 0.1746875 0.8882731481481482 0.04629150390625 0.07922222222222222
8 0.11894287109375 0.8362222222222222 0.01496337890625 0.07027777777777779
9 0.231123046875 0.9307129629629629 0.08406982421875 0.13836574074074073
9 0.36350830078125 0.952587962962963 0.061884765625 0.0948287037037037
9 0.42349609375 0.8311296296296297 0.03851318359375 0.1160787037037037
9 0.41166748046875 0.7872175925925926 0.0315185546875 0.08481481481481482
8 0.43438720703125 0.6627222222222222 0.0063134765625 0.04247222222222222
8 0.419306640625 0.6896527777777778 0.009345703125 0.04575462962962963
8 0.38736572265625 0.7196018518518518 0.01041015625 0.054689814814814816
9 0.51347900390625 0.6367453703703703 0.01161376953125 0.0410925925925926
9 0.57395263671875 0.6115833333333334 0.01180419921875 0.03787037037037037
9 0.6358642578125 0.5881805555555556 0.00950439453125 0.029768518518518517
9 0.3905908203125 0.9260185185185186 0.0476220703125 0.1479675925925926
8 0.47815673828125 0.6103101851851852 0.0062158203125 0.01950925925925926
8 0.35400390625 0.7304351851851852 0.009306640625 0.06684722222222221
8 0.36855224609375 0.7298981481481481 0.013134765625 0.07016666666666667
9 0.52410888671875 0.5913101851851852 0.0091357421875 0.030759259259259257
9 0.536298828125 0.5903611111111111 0.00972900390625 0.02886111111111111