8 0.2734765625 0.6751851851851852 0.02763671875 0.10305092592592592
8 0.30596435546875 0.6792638888888889 0.0227783203125 0.11086574074074074
8 0.31212890625 0.6403981481481481 0.01130126953125 0.07281481481481482
8 0.28568115234375 0.6191666666666668 0.01171875 0.06224074074074074
8 0.2638037109375 0.5882361111111111 0.00833251953125 0.04765277777777778
9 0.2959130859375 0.5945601851851852 0.0154443359375 0.049143518518518524
9 0.3886474609375 0.7828055555555555 0.0604248046875 0.18401851851851853
9 0.36586181640625 0.7032592592592593 0.03525146484375 0.12129629629629629
9 0.34316162109375 0.615837962962963 0.02132568359375 0.022819444444444444
9 0.4091796875 0.6161481481481482 0.01419921875 0.06339351851851852
9 0.38120361328125 0.6082638888888888 0.01610595703125 0.056685185185185186
9 0.36464599609375 0.5887083333333333 0.01436767578125 0.031162037037037037
9 0.34396240234375 0.5888842592592592 0.01457275390625 0.03933796296296296
9 0.32114013671875 0.5766157407407407 0.01312744140625 0.037203703703703704
9 0.30677978515625 0.5666574074074074 0.0103466796875 0.030226851851851855
3 0.38093017578125 0.5694212962962963 0.01629638671875 0.03205092592592593
3 0.3643310546875 0.5605833333333333 0.0104345703125 0.02826851851851852
2 0.50735107421875 0.6721851851851852 0.07627197265625 0.09179166666666667
9 0.64430908203125 0.8709027777777778 0.11860595703125 0.25818981481481484
9 0.6940087890625 0.6589027777777778 0.05619384765625 0.10242592592592593
6 0.7697802734375 0.8248425925925926 0.094638671875 0.19910185185185186
6 0.6212255859375 0.716949074074074 0.0476220703125 0.11172685185185185
2 0.53086669921875 0.6249074074074074 0.07265380859375 0.08856944444444445
9 0.618896484375 0.6364722222222222 0.03712158203125 0.08720833333333333
9 0.666123046875 0.6396018518518518 0.02557373046875 0.08329629629629628
9 0.56960693359375 0.6202407407407408 0.033408203125 0.07430555555555556
9 0.5942529296875 0.6178935185185186 0.0237158203125 0.06804629629629629
6 0.32996826171875 0.5609953703703704 0.00742431640625 0.025421296296296296
6 0.47608154296875 0.6022546296296296 0.01258056640625 0.04927314814814815
9 0.4651513671875 0.5860231481481482 0.01546630859375 0.042624999999999996
9 0.4896923828125 0.591300925925926 0.01794189453125 0.05162037037037037