9 0.05209375 0.7365833333333334 0.10418489583333333 0.15341666666666667
9 0.2070703125 0.6879675925925925 0.08549999999999999 0.1179074074074074
3 0.3217057291666666 0.669148148148148 0.07679947916666667 0.10596759259259259
5 0.46859375000000003 0.924074074074074 0.15368229166666666 0.15185185185185185
8 0.5668984375 0.7811944444444445 0.029671875 0.14943981481481483
2 0.7469427083333334 0.8635648148148148 0.18557552083333334 0.24389351851851848
9 0.7736510416666668 0.6808611111111111 0.05979947916666666 0.12530555555555556
9 0.5845885416666667 0.6454351851851853 0.045572916666666664 0.10231018518518518
9 0.3963932291666667 0.6190046296296297 0.04747395833333334 0.07952314814814815
9 0.6781302083333334 0.5892546296296296 0.029348958333333335 0.07943981481481481
2 0.484453125 0.575037037037037 0.058578125 0.06337037037037037
8 0.3517734375 0.5929629629629629 0.010018229166666667 0.06218055555555556
8 0.2579921875 0.620625 0.010158854166666667 0.06804166666666667
8 0.4028255208333333 0.5643611111111111 0.008536458333333333 0.028962962962962965
5 0.5264713541666667 0.575337962962963 0.023908854166666667 0.05256481481481482
8 0.57946875 0.5343240740740741 0.008330729166666667 0.03936111111111111
8 0.6019140625 0.5406296296296296 0.0069557291666666665 0.04493518518518519
8 0.6369270833333334 0.5197037037037037 0.006044270833333334 0.02676388888888889
9 0.6874505208333334 0.5050416666666667 0.02568229166666667 0.06239351851851852
8 0.4380703125 0.5583657407407407 0.007408854166666667 0.035402777777777776
7 0.7261276041666667 0.6203703703703703 0.059895833333333336 0.1358009259259259
9 0.4359895833333333 0.6011481481481482 0.0372578125 0.06456944444444444
8 0.35787239583333336 0.585287037037037 0.010018229166666667 0.0562175925925926
8 0.38119791666666664 0.573875 0.007200520833333333 0.03339814814814815
8 0.3902760416666667 0.5702546296296296 0.008453125 0.03729166666666667
8 0.433640625 0.5594027777777778 0.0043828124999999996 0.02671759259259259
8 0.5956692708333333 0.5285092592592592 0.0059479166666666665 0.02838888888888889
8 0.6427916666666668 0.5196018518518518 0.007515625 0.027273148148148147
9 0.6100729166666666 0.6167361111111112 0.032875 0.08126851851851852
9 0.695078125 0.5719259259259258 0.021291666666666667 0.0606712962962963
2 0.8478697916666668 0.7419722222222223 0.12523958333333335 0.17366666666666666
2 0.9352239583333334 0.6818564814814815 0.08829427083333334 0.12023148148148148
8 0.8190651041666667 0.6751805555555556 0.02316927083333333 0.06568055555555556
9 0.30287760416666665 0.6392314814814815 0.039390625 0.08611574074074074