3 0.09790771484375 0.926 0.09046875 0.1479953703703704
6 0.16364990234375 0.8847638888888889 0.05099365234375 0.08624537037037036
8 0.2112451171875 0.9024537037037037 0.02609375 0.11274537037037037
9 0.2493603515625 0.8868657407407408 0.08119140625 0.11489814814814815
9 0.294775390625 0.9640740740740741 0.0630712890625 0.07184722222222222
9 0.339560546875 0.8182175925925925 0.062041015625 0.09657870370370371
9 0.4247900390625 0.8076435185185186 0.04188232421875 0.10841203703703703
9 0.44802490234375 0.7486898148148149 0.0225341796875 0.082625
9 0.4895947265625 0.7730972222222222 0.0277294921875 0.09331018518518519
9 0.49003173828125 0.7105972222222222 0.02774658203125 0.08251388888888889
9 0.51473876953125 0.7004861111111111 0.01742919921875 0.06337499999999999
0 0.5288330078125 0.7213796296296296 0.01409423828125 0.06873611111111111
8 0.27113525390625 0.7825787037037036 0.01387939453125 0.07580092592592592
8 0.2878759765625 0.7698287037037037 0.01627197265625 0.0770462962962963
8 0.365234375 0.7247129629629631 0.010078125 0.05498611111111111
8 0.42551025390625 0.6696620370370371 0.00840087890625 0.04824537037037037
2 0.47153076171875 0.6471898148148149 0.0264208984375 0.048546296296296296
9 0.53428955078125 0.646375 0.01324462890625 0.04743981481481482
9 0.5084228515625 0.6750092592592593 0.01760009765625 0.05756481481481482
9 0.5090185546875 0.6372916666666667 0.0130078125 0.039064814814814816
9 0.5241552734375 0.6511805555555555 0.012841796875 0.05010185185185185
8 0.4906103515625 0.622375 0.00533203125 0.03052314814814815
9 0.64515380859375 0.6200046296296297 0.01185791015625 0.0350462962962963
9 0.61953125 0.6004027777777777 0.00956298828125 0.027578703703703702
9 0.6076220703125 0.5919907407407408 0.00872314453125 0.026467592592592595
9 0.671416015625 0.6240925925925925 0.0105126953125 0.03447685185185185
5 0.84705810546875 0.8667685185185185 0.102666015625 0.07471296296296297
3 0.94722900390625 0.8096111111111111 0.07302001953125 0.09308796296296296
9 0.88406494140625 0.7650601851851851 0.04496826171875 0.09414814814814816
8 0.239814453125 0.774537037037037 0.0129150390625 0.05956018518518519
8 0.27048828125 0.7659074074074074 0.0096875 0.07792592592592593
8 0.373662109375 0.7233287037037037 0.00998046875 0.05287962962962963
9 0.3980712890625 0.7918703703703704 0.0276953125 0.08511111111111111
8 0.46460205078125 0.707875 0.0121142578125 0.06113888888888889
8 0.44663818359375 0.6520138888888889 0.005361328125 0.03736574074074074
8 0.43852294921875 0.6516018518518518 0.00652099609375 0.038189814814814815
8 0.465908203125 0.6182175925925926 0.00623046875 0.030222222222222223
9 0.5660302734375 0.6285185185185185 0.01173583984375 0.03654166666666667
8 0.6857861328125 0.6224768518518519 0.0049267578125 0.02939814814814815
8 0.72200927734375 0.6297546296296296 0.0049267578125 0.030222222222222223
8 0.73570068359375 0.6408842592592592 0.0085498046875 0.03874074074074074
6 0.95724609375 0.8429722222222222 0.0476708984375 0.09671759259259259