3 0.11564208984375 0.9152777777777777 0.23128173828125 0.16944444444444445
2 0.11648681640625 0.855912037037037 0.22833740234375 0.1395324074074074
3 0.1652490234375 0.7302592592592592 0.1380126953125 0.14905092592592592
9 0.351064453125 0.6674537037037037 0.072294921875 0.1311064814814815
9 0.41321533203125 0.6320555555555556 0.0496435546875 0.10404166666666666
5 0.4042333984375 0.8426296296296296 0.19618896484375 0.31474537037037037
2 0.4854833984375 0.6173981481481481 0.08181640625 0.09493055555555556
2 0.624091796875 0.6765740740740741 0.1068115234375 0.11877777777777777
9 0.74027099609375 0.6950972222222223 0.04853759765625 0.16593055555555555
3 0.777958984375 0.6118425925925925 0.04021728515625 0.08586574074074074
3 0.55540283203125 0.5813425925925926 0.03521484375 0.06180092592592593
9 0.701884765625 0.5588611111111111 0.0227880859375 0.060555555555555564
9 0.43505859375 0.5798657407407407 0.01900390625 0.059310185185185195
9 0.45615966796875 0.5452916666666666 0.01279541015625 0.03494907407407407
2 0.4162841796875 0.5274305555555555 0.0117578125 0.018180555555555557
1 0.42568359375 0.5133703703703704 0.0151806640625 0.028541666666666667
8 0.84156005859375 0.6233009259259259 0.019345703125 0.09274537037037038
9 0.8913427734375 0.6235277777777778 0.03567138671875 0.10200925925925926
9 0.59308349609375 0.5610925925925926 0.03030517578125 0.04938425925925926
9 0.8304736328125 0.5236203703703703 0.0103515625 0.03102314814814815
8 0.71755126953125 0.5324907407407408 0.00662109375 0.03417592592592592
9 0.43775390625 0.5373101851851851 0.0097607421875 0.0305787037037037
9 0.42141357421875 0.5650740740740741 0.0149951171875 0.048018518518518516
8 0.73650390625 0.5292268518518519 0.00735107421875 0.03191203703703704
8 0.795048828125 0.5173842592592592 0.0057568359375 0.025361111111111112