2 0.12397705078125 0.8595740740740742 0.03251708984375 0.05828703703703704
2 0.12103515625 0.7486435185185185 0.03376953125 0.05236111111111111
2 0.11790283203125 0.6984907407407407 0.036923828125 0.052125000000000005
2 0.11292236328125 0.5904768518518518 0.0366455078125 0.05887037037037037
2 0.10731201171875 0.5391481481481482 0.035205078125 0.04820833333333333
6 0.07560302734375 0.8892824074074074 0.0085302734375 0.026879629629629632
6 0.07111083984375 0.818125 0.01748291015625 0.012680555555555556
6 0.06791748046875 0.7383935185185185 0.01511474609375 0.012194444444444444
6 0.06318359375 0.6415277777777778 0.01585205078125 0.013717592592592592
8 0.0502734375 0.49173611111111115 0.009736328125 0.01300462962962963
6 0.10106201171875 0.3592592592592593 0.01493896484375 0.020115740740740743
7 0.30322021484375 0.4545138888888889 0.01734375 0.03762037037037037
9 0.35839599609375 0.5341712962962962 0.0104541015625 0.030986111111111114
3 0.42822509765625 0.4932453703703704 0.02068603515625 0.03230555555555555
9 0.409560546875 0.5622824074074074 0.01015625 0.033291666666666664
9 0.37028076171875 0.4703657407407407 0.01036865234375 0.03218055555555556
9 0.28335693359375 0.3545324074074074 0.01599609375 0.025625000000000002
5 0.2854833984375 0.3865 0.01331298828125 0.027462962962962963
6 0.47677490234375 0.7489490740740741 0.014541015625 0.013157407407407408
9 0.43706787109375 0.7237175925925926 0.01468505859375 0.02625462962962963
9 0.4073681640625 0.670162037037037 0.01363525390625 0.025972222222222223
6 0.4091455078125 0.6289537037037037 0.007783203125 0.02910648148148148
2 0.6362646484375 0.4626481481481482 0.033857421875 0.04298611111111111
5 0.423388671875 0.2631574074074074 0.01943603515625 0.0422037037037037
5 0.40458984375 0.2554444444444444 0.0195947265625 0.022615740740740742
9 0.32312744140625 0.3242314814814815 0.01814453125 0.021472222222222222
9 0.48935546875 0.04343981481481481 0.01029296875 0.035925925925925924
3 0.57551025390625 0.23031944444444444 0.01437744140625 0.040949074074074075
3 0.57592041015625 0.18600462962962963 0.0135546875 0.044694444444444446
3 0.56488525390625 0.13741203703703703 0.01428466796875 0.04135185185185185
6 0.5959814453125 0.14262037037037037 0.02743896484375 0.028449074074074075
6 0.59728271484375 0.1852175925925926 0.024833984375 0.027226851851851853
3 0.62400634765625 0.2804074074074074 0.021435546875 0.033999999999999996
3 0.59922119140625 0.24213425925925924 0.020078125 0.03455092592592592
6 0.5668115234375 0.09178240740740741 0.00753662109375 0.02876851851851852
9 0.54126220703125 0.08028703703703703 0.00884765625 0.040546296296296296
9 0.5591259765625 0.01774537037037037 0.00850830078125 0.03549074074074074
9 0.76841552734375 0.4890601851851851 0.01638427734375 0.01810648148148148
9 0.631396484375 0.3796203703703704 0.01597412109375 0.02352777777777778
2 0.886875 0.5241574074074075 0.0441357421875 0.02886111111111111
6 0.10732666015625 0.37907407407407406 0.01646240234375 0.01514351851851852
6 0.11474365234375 0.442125 0.012060546875 0.019472222222222224
6 0.120283203125 0.4887962962962963 0.01369140625 0.015763888888888886
8 0.061201171875 0.4795231481481481 0.00798583984375 0.010819444444444446
8 0.0614453125 0.5037870370370371 0.00749755859375 0.009273148148148148
8 0.06136474609375 0.5237222222222222 0.00961669921875 0.013907407407407407
8 0.066171875 0.47241666666666665 0.0097802734375 0.011435185185185185
8 0.05104736328125 0.5952453703703704 0.00928955078125 0.013597222222222222
9 0.04954833984375 0.4427453703703704 0.01271240234375 0.036162037037037034
9 0.10816650390625 0.4249953703703704 0.0081787109375 0.009736111111111112
9 0.10655517578125 0.47697685185185185 0.009833984375 0.009074074074074075
9 0.11543212890625 0.4032962962962963 0.00704833984375 0.008912037037037038
6 0.1230908203125 0.7865462962962964 0.0120947265625 0.014027777777777778
8 0.0754296875 0.7577824074074074 0.01033935546875 0.010287037037037037
8 0.06945556640625 0.7485416666666667 0.012119140625 0.009162037037037036
8 0.09111083984375 0.7160787037037037 0.00864501953125 0.009162037037037036
8 0.08670166015625 0.7143101851851852 0.00864501953125 0.008194444444444443
2 0.2629345703125 0.34922222222222227 0.03151123046875 0.05912962962962963
8 0.178330078125 0.17973611111111112 0.00859375 0.011189814814814816
8 0.1761572265625 0.1890601851851852 0.00859375 0.009421296296296297
8 0.186923828125 0.2027037037037037 0.00859375 0.011976851851851853
9 0.258876953125 0.26032407407407404 0.01376953125 0.026699074074074076
9 0.2498193359375 0.29880555555555555 0.015322265625 0.022773148148148147
7 0.23732666015625 0.2615092592592593 0.01794677734375 0.021925925925925925
5 0.30688232421875 0.29816203703703703 0.01710205078125 0.027180555555555555
9 0.3089892578125 0.37044907407407407 0.01433349609375 0.02968981481481481
9 0.29821044921875 0.3753611111111111 0.01469482421875 0.030375
7 0.311337890625 0.505199074074074 0.0158984375 0.028319444444444446
7 0.3153125 0.5379722222222222 0.01975341796875 0.03083333333333333
9 0.3512646484375 0.5777129629629629 0.00951416015625 0.033115740740740744
9 0.35282958984375 0.6120879629629629 0.00879150390625 0.031518518518518515
9 0.351083984375 0.6510277777777778 0.00963623046875 0.036314814814814814
9 0.372041015625 0.6394953703703703 0.00939453125 0.03243055555555555
9 0.3608984375 0.7295925925925927 0.009755859375 0.03768518518518519
9 0.38010986328125 0.7301620370370371 0.01517578125 0.025578703703703704
9 0.4919384765625 0.7743564814814814 0.01939208984375 0.019412037037037037
9 0.51518310546875 0.7583703703703704 0.01794677734375 0.020328703703703703
9 0.48007568359375 0.8062175925925926 0.01614013671875 0.019185185185185184
9 0.41377197265625 0.7657916666666666 0.01577880859375 0.018726851851851852
8 0.442255859375 0.8259722222222222 0.00650390625 0.008449074074074074
8 0.4315966796875 0.8476712962962963 0.00421630859375 0.011648148148148149
8 0.4373779296875 0.8576064814814816 0.00421630859375 0.011421296296296297
8 0.44978515625 0.8505277777777778 0.00493896484375 0.012333333333333333
8 0.5693212890625 0.5328333333333334 0.00553955078125 0.009134259259259259
8 0.51120849609375 0.48704166666666665 0.004697265625 0.007078703703703703
8 0.481279296875 0.5099953703703703 0.00650390625 0.007763888888888889
8 0.48314697265625 0.5207314814814815 0.005419921875 0.010050925925925927
9 0.3970166015625 0.5368009259259259 0.0151611328125 0.03172685185185185
8 0.3523486328125 0.3638240740740741 0.00590087890625 0.010962962962962963
8 0.36059814453125 0.3680509259259259 0.00553955078125 0.009819444444444445
8 0.3601171875 0.3798148148148148 0.00650390625 0.009134259259259259
9 0.36927001953125 0.27600925925925923 0.01662109375 0.022611111111111113
8 0.40215087890625 0.2828611111111111 0.00674560546875 0.009819444444444445
9 0.40811279296875 0.27726388888888887 0.01601806640625 0.017814814814814815
9 0.4261181640625 0.31403703703703706 0.01686279296875 0.02009722222222222
9 0.4459912109375 0.21274537037037036 0.01758544921875 0.018041666666666668
9 0.44978515625 0.1742638888888889 0.01505615234375 0.025578703703703704
9 0.4600830078125 0.1258425925925926 0.0101171875 0.028319444444444446
5 0.57751220703125 0.06988888888888889 0.00939453125 0.024666666666666667
5 0.57697021484375 0.023069444444444445 0.009755859375 0.024666666666666667
6 0.5660693359375 0.05310185185185185 0.00650390625 0.027180555555555555
3 0.6336328125 0.3244212962962963 0.01894287109375 0.04097222222222222
9 0.6080419921875 0.3047870370370371 0.01505615234375 0.03722685185185185
9 0.64754638671875 0.3727314814814815 0.014091796875 0.03197685185185185
9 0.68265625 0.3986574074074074 0.01565673828125 0.022611111111111113
8 0.61930419921875 0.37604629629629627 0.00481689453125 0.011648148148148149
8 0.63941650390625 0.39774074074074073 0.0043359375 0.01210648148148148
8 0.64568115234375 0.402537037037037 0.00578125 0.009819444444444445
8 0.63086669921875 0.43451388888888887 0.0043359375 0.010736111111111111
8 0.63556396484375 0.4326851851851852 0.00505859375 0.010277777777777778
9 0.7629296875 0.4608935185185185 0.01818603515625 0.015532407407407406
9 0.78039306640625 0.47391203703703705 0.01722412109375 0.014615740740740742
9 0.81168212890625 0.4634814814814815 0.0188134765625 0.01871759259259259
9 0.84079345703125 0.46020833333333333 0.01903076171875 0.015532407407407406
9 0.839951171875 0.4853287037037037 0.01830810546875 0.015532407407407406
9 0.93064208984375 0.46237500000000004 0.01686279296875 0.018041666666666668
2 0.936123046875 0.4177268518518518 0.035771484375 0.031060185185185187
9 0.44005126953125 0.3837407407407407 0.02083251953125 0.017930555555555554
9 0.4191015625 0.3981712962962963 0.010146484375 0.032504629629629626
8 0.51361572265625 0.4951111111111111 0.0039208984375 0.009185185185185185
6 0.0723388671875 0.8370185185185185 0.0160302734375 0.017671296296296296
6 0.0673291015625 0.7109583333333334 0.00781494140625 0.03230092592592593
8 0.03311279296875 0.5826157407407407 0.01031982421875 0.010069444444444445
6 0.1021484375 0.06323148148148149 0.0120263671875 0.022333333333333334
9 0.34123779296875 0.4674861111111111 0.01458251953125 0.023287037037037037
9 0.337861328125 0.4909907407407407 0.01243408203125 0.024013888888888887