9 0.36042724609375 0.8223935185185185 0.0682080078125 0.09293055555555554
9 0.3870361328125 0.8964814814814815 0.078466796875 0.12999537037037037
9 0.45001953125 0.9205555555555556 0.079453125 0.14111574074074074
9 0.52032470703125 0.8890694444444445 0.05602783203125 0.13369907407407408
9 0.60869873046875 0.8814305555555556 0.0941259765625 0.1415648148148148
9 0.343466796875 0.7327638888888889 0.02294189453125 0.06319444444444444
6 0.20952392578125 0.7792731481481482 0.04551513671875 0.07521296296296297
9 0.290498046875 0.7582962962962964 0.0511083984375 0.08087037037037037
6 0.78092529296875 0.9527777777777777 0.0890283203125 0.09444444444444444
9 0.91385009765625 0.9295694444444444 0.1185888671875 0.11401388888888889
3 0.96047607421875 0.9200925925925927 0.0790478515625 0.13093055555555555
6 0.51077392578125 0.7529351851851851 0.02551025390625 0.06402777777777778
9 0.62466552734375 0.7666944444444445 0.0248779296875 0.08845833333333333
9 0.40193603515625 0.7287824074074074 0.03653076171875 0.06976388888888889
8 0.70243896484375 0.8298009259259259 0.03360107421875 0.10775
2 0.19465087890625 0.9090925925925927 0.1550146484375 0.12513425925925928
9 0.2848486328125 0.8557916666666666 0.07781982421875 0.1269537037037037
6 0.344189453125 0.7620416666666666 0.03027099609375 0.02968981481481481
8 0.48692626953125 0.7595694444444445 0.01095947265625 0.0762037037037037
6 0.53572265625 0.7647638888888889 0.0219189453125 0.0687824074074074
2 0.54241943359375 0.7310972222222223 0.0452783203125 0.053759259259259264
8 0.5595849609375 0.7758101851851852 0.01351318359375 0.07582407407407407
8 0.58633544921875 0.7894166666666668 0.02633056640625 0.0692175925925926
9 0.58612548828125 0.7651111111111112 0.02675048828125 0.08401388888888889
9 0.6144091796875 0.7410694444444444 0.03455078125 0.07344444444444444
9 0.56070068359375 0.7297083333333334 0.0280029296875 0.045439814814814815
3 0.6453369140625 0.7351249999999999 0.01894775390625 0.0689537037037037
2 0.60625732421875 0.6795092592592593 0.03385498046875 0.04174074074074074
9 0.5736572265625 0.6928518518518518 0.01880859375 0.02826851851851852
9 0.56731689453125 0.657449074074074 0.01978271484375 0.03883796296296296
9 0.4759228515625 0.6762083333333333 0.0253564453125 0.045703703703703705
9 0.49647216796875 0.6748842592592592 0.02187255859375 0.04253703703703703
2 0.52461669921875 0.6670925925925927 0.040263671875 0.03434722222222222
9 0.4430419921875 0.6896805555555555 0.02814208984375 0.044648148148148145
8 0.36363037109375 0.7013055555555555 0.0117041015625 0.045703703703703705
8 0.389404296875 0.6842638888888889 0.01058837890625 0.02800462962962963
8 0.40884033203125 0.6789814814814814 0.00794189453125 0.039629629629629626