9 0.18184326171875 0.8757314814814815 0.08558349609375 0.12327777777777776
9 0.10193115234375 0.9425138888888889 0.05205810546875 0.11497222222222223
9 0.31328857421875 0.8725231481481482 0.07904541015625 0.11171759259259259
3 0.27542236328125 0.850375 0.07810302734375 0.10612962962962963
8 0.33133056640625 0.761638888888889 0.01249267578125 0.06001388888888889
9 0.5097412109375 0.907449074074074 0.08947998046875 0.13443055555555555
3 0.697802734375 0.9381527777777778 0.09658203125 0.12074537037037038
6 0.6298046875 0.9074305555555555 0.0623486328125 0.10814351851851851
9 0.5901904296875 0.7362268518518519 0.035947265625 0.08127314814814815
2 0.7995947265625 0.9123194444444443 0.15784912109375 0.11897685185185186
2 0.8626318359375 0.9591481481481482 0.20402099609375 0.08170833333333334
9 0.85982666015625 0.8769907407407407 0.06750244140625 0.11933333333333333
6 0.40927978515625 0.7245601851851852 0.02876220703125 0.05415740740740741
8 0.20531005859375 0.767550925925926 0.014892578125 0.0744537037037037
9 0.10509765625 0.8973981481481482 0.09002685546875 0.12145833333333335
9 0.11005615234375 0.8406203703703704 0.073369140625 0.09814351851851852
8 0.35207763671875 0.7682314814814816 0.01169921875 0.06993981481481482
8 0.34385009765625 0.773875 0.0126904296875 0.06843981481481481
8 0.28386474609375 0.7783842592592592 0.01288818359375 0.03685185185185185
8 0.36833984375 0.6905833333333333 0.01209716796875 0.04925925925925926
9 0.43347900390625 0.7073148148148148 0.02181396484375 0.05414814814814815
0 0.4665966796875 0.6858842592592592 0.01507080078125 0.03760185185185185
9 0.47060302734375 0.8504074074074075 0.07384765625 0.10851851851851853
9 0.495595703125 0.8272037037037037 0.0648779296875 0.10057407407407408
9 0.56485107421875 0.842125 0.071982421875 0.1026574074074074
9 0.8850048828125 0.8562268518518519 0.08249267578125 0.10604166666666667
9 0.97294189453125 0.8597962962962963 0.05411865234375 0.11017592592592593
8 0.9032470703125 0.8064027777777777 0.01507080078125 0.08159722222222222
8 0.88193115234375 0.8011342592592593 0.01209716796875 0.05828703703703704
8 0.86894287109375 0.7981296296296296 0.0107080078125 0.05076388888888889
3 0.6259716796875 0.8162268518518518 0.06279296875 0.10529629629629629
9 0.55305419921875 0.7545092592592593 0.02379638671875 0.07182407407407407
9 0.56862060546875 0.7326990740740741 0.0164599609375 0.06580555555555555
6 0.47294189453125 0.7550740740740741 0.02419189453125 0.0669351851851852
6 0.49693603515625 0.7669166666666667 0.02022705078125 0.06956481481481482
6 0.5172607421875 0.7706759259259259 0.0255810546875 0.07106944444444444
9 0.52519287109375 0.7330740740740741 0.0255810546875 0.05001388888888889
9 0.54462646484375 0.7176574074074075 0.018837890625 0.03722685185185185
9 0.40492431640625 0.6917129629629629 0.030537109375 0.04775462962962963
2 0.98116943359375 0.901162037037037 0.03765869140625 0.13499537037037035