9 0.47638427734375 0.82475 0.07371337890625 0.11300462962962964
9 0.5210888671875 0.7603287037037036 0.02581298828125 0.08905092592592592
9 0.39411376953125 0.8058240740740741 0.066748046875 0.10223611111111111
3 0.33704833984375 0.8214537037037036 0.0746826171875 0.09644907407407408
6 0.77897216796875 0.9339675925925925 0.1027001953125 0.11910185185185185
9 0.84762939453125 0.906412037037037 0.10513916015625 0.15800462962962963
9 0.97406982421875 0.901375 0.05186279296875 0.13125462962962964
2 0.689052734375 0.7256111111111111 0.053857421875 0.060495370370370366
9 0.7765283203125 0.7730555555555555 0.0239453125 0.09799537037037036
2 0.75651123046875 0.6781527777777777 0.0402001953125 0.04056944444444444
6 0.65102294921875 0.7429675925925926 0.0259375 0.0705648148148148
9 0.3997314453125 0.9229120370370371 0.0433056640625 0.15418055555555554
9 0.348466796875 0.8911898148148149 0.03876953125 0.1522453703703704
9 0.6691748046875 0.8291435185185185 0.06286376953125 0.12502314814814816
9 0.715859375 0.8937962962962962 0.08730712890625 0.12851388888888887
6 0.67607177734375 0.7565324074074073 0.02245361328125 0.06886574074074074
8 0.70319580078125 0.7721064814814815 0.01431640625 0.08058333333333334
8 0.7364990234375 0.794537037037037 0.02124755859375 0.07858333333333334
8 0.7214306640625 0.7953935185185185 0.01582275390625 0.0762962962962963
8 0.766787109375 0.787962962962963 0.0128076171875 0.0802962962962963
3 0.79677490234375 0.7319583333333333 0.01642578125 0.06657870370370371
9 0.74147216796875 0.7742500000000001 0.0432470703125 0.08543981481481482
9 0.72421630859375 0.7678194444444445 0.03194580078125 0.09944444444444445
3 0.77560302734375 0.7070972222222222 0.02983642578125 0.03229166666666667
9 0.719921875 0.6866666666666666 0.01552001953125 0.026287037037037036