9 0.098857421875 0.7234583333333333 0.112626953125 0.1571898148148148
9 0.25715087890625 0.7304583333333333 0.11748291015625 0.1536388888888889
9 0.380595703125 0.6900555555555555 0.07249755859375 0.13854629629629628
3 0.51847412109375 0.6687361111111111 0.071064453125 0.11825462962962963
2 0.599775390625 0.7879814814814815 0.19378662109375 0.1992962962962963
9 0.79546142578125 0.8191296296296297 0.09658935546875 0.2593888888888889
9 0.60532470703125 0.6412546296296295 0.052353515625 0.10344907407407407
2 0.6691845703125 0.6088935185185186 0.0682421875 0.08394907407407408
3 0.76958251953125 0.6214351851851851 0.04300537109375 0.09049537037037036
3 0.92403564453125 0.6661712962962963 0.06301025390625 0.1258101851851852
9 0.9148681640625 0.560962962962963 0.0223828125 0.055768518518518516
9 0.558759765625 0.5760416666666667 0.01324462890625 0.05221759259259259
8 0.5689794921875 0.5898518518518518 0.0118896484375 0.05981018518518518
9 0.5882763671875 0.5757407407407407 0.018701171875 0.054634259259259264
9 0.6133544921875 0.5582407407407407 0.01354736328125 0.03921296296296296
9 0.74572265625 0.5704583333333334 0.0373291015625 0.048712962962962965
8 0.88438232421875 0.5443888888888889 0.008681640625 0.037981481481481484
1 0.57431396484375 0.5186620370370371 0.0129052734375 0.029648148148148153
8 0.98009521484375 0.5285185185185185 0.0082666015625 0.029546296296296296
8 0.90382080078125 0.540800925925926 0.00898193359375 0.03572685185185185
8 0.84646728515625 0.5584444444444444 0.00763671875 0.041777777777777775
2 0.565517578125 0.5382268518518518 0.01219970703125 0.02163425925925926
9 0.6409228515625 0.6285231481481481 0.04801025390625 0.09639814814814815