2 0.0367431640625 0.9835648148148148 0.073486328125 0.03287037037037037
8 0.03647705078125 0.946712962962963 0.0178662109375 0.051759259259259255
9 0.14548095703125 0.9450972222222223 0.06841552734375 0.1040787037037037
9 0.22188720703125 0.9689305555555555 0.05231689453125 0.06121759259259259
8 0.21419677734375 0.9043472222222223 0.0164306640625 0.05035648148148148
2 0.58318603515625 0.9777777777777777 0.05969970703125 0.044444444444444446
9 0.6069873046875 0.9481018518518519 0.019423828125 0.07768518518518519
6 0.56450927734375 0.9008750000000001 0.0213720703125 0.08045370370370371
6 0.52386474609375 0.9228657407407408 0.0294189453125 0.05499074074074074
2 0.68400634765625 0.8730925925925926 0.03872314453125 0.08507407407407407
9 0.6560546875 0.8770277777777779 0.0287109375 0.04664351851851852
9 0.62602783203125 0.8953194444444444 0.03505126953125 0.08786111111111111
9 0.6713134765625 0.9638888888888889 0.02993408203125 0.07222222222222222
9 0.75858642578125 0.9730925925925926 0.04093017578125 0.053814814814814815
2 0.72971923828125 0.7689490740740741 0.03584228515625 0.04776851851851852
2 0.76031494140625 0.7741157407407407 0.0218505859375 0.03496296296296296
9 0.51350830078125 0.7823657407407408 0.03206298828125 0.058111111111111106
9 0.721865234375 0.8239722222222222 0.02306396484375 0.05133796296296296
2 0.7080322265625 0.8055277777777778 0.0328271484375 0.0592037037037037
9 0.6979833984375 0.7819907407407407 0.02688232421875 0.06459722222222222
8 0.1373291015625 0.9571759259259259 0.018310546875 0.0763888888888889
8 0.4132080078125 0.8182870370370371 0.013427734375 0.0625
8 0.37109375 0.84375 0.01953125 0.07175925925925926
8 0.48828125 0.78125 0.009765625 0.0625
8 0.5255126953125 0.8715277777777778 0.010986328125 0.07175925925925926
8 0.5364990234375 0.875 0.010986328125 0.07407407407407407
3 0.6060791015625 0.8807870370370371 0.045166015625 0.08101851851851852
9 0.7122802734375 0.9247685185185185 0.025634765625 0.08564814814814815
8 0.643310546875 0.9409722222222222 0.0244140625 0.0763888888888889
8 0.7061767578125 0.9745370370370371 0.015869140625 0.05092592592592592
8 0.4486083984375 0.7928240740740741 0.015869140625 0.0625
5 0.677490234375 0.7256944444444444 0.0146484375 0.04398148148148148