9 0.13339599609375 0.9650462962962963 0.0608447265625 0.0699074074074074
2 0.26302490234375 0.944212962962963 0.12140869140625 0.11157407407407408
8 0.3366259765625 0.8258657407407407 0.01571533203125 0.06006481481481482
9 0.3772705078125 0.8656851851851852 0.039404296875 0.08414814814814814
2 0.4044921875 0.9731481481481481 0.08994140625 0.053703703703703705
3 0.4867578125 0.9662037037037037 0.0450390625 0.06759259259259259
9 0.5507177734375 0.9384259259259259 0.034306640625 0.10925462962962963
2 0.57342041015625 0.8473888888888889 0.06458251953125 0.11237037037037037
2 0.59185302734375 0.7753888888888889 0.03992919921875 0.056337962962962965
3 0.6006396484375 0.8728564814814814 0.03455810546875 0.04756944444444444
3 0.59331787109375 0.9386111111111112 0.03455810546875 0.09110648148148148
9 0.667529296875 0.9743055555555555 0.04482421875 0.05138888888888889
9 0.426337890625 0.7955324074074074 0.0316015625 0.06421296296296296
8 0.3204345703125 0.8344907407407407 0.013427734375 0.05787037037037037
8 0.4290771484375 0.90625 0.015869140625 0.0763888888888889
8 0.4095458984375 0.9178240740740741 0.015869140625 0.05787037037037037
9 0.6280517578125 0.9166666666666666 0.025634765625 0.0787037037037037
8 0.322265625 0.8622685185185185 0.0146484375 0.0625
9 0.5523681640625 0.9039351851851852 0.030517578125 0.09490740740740741
2 0.6341552734375 0.7534722222222222 0.030517578125 0.05787037037037037
8 0.836181640625 0.9791666666666666 0.01953125 0.041666666666666664