2 0.4580517578125 0.5774398148148148 0.017060546875 0.012624999999999999
2 0.42454345703125 0.6226851851851852 0.01041748046875 0.01473148148148148
2 0.44595703125 0.632787037037037 0.01284912109375 0.025671296296296296
2 0.44507080078125 0.6199490740740741 0.00002197265625 0.002523148148148148
2 0.4219921875 0.5776527777777778 0.0066455078125 0.005472222222222222
6 0.37669677734375 0.9751666666666667 0.0243603515625 0.04966203703703703
9 0.39467041015625 0.90425 0.03234130859375 0.0989074074074074
9 0.3398583984375 0.9429722222222222 0.03546875 0.11068981481481481
9 0.355947265625 0.779462962962963 0.02325927734375 0.06229166666666667
9 0.37436767578125 0.7299953703703703 0.01748291015625 0.054268518518518515
9 0.3735986328125 0.6860277777777778 0.01195068359375 0.026935185185185184
9 0.3926806640625 0.6841342592592593 0.0132763671875 0.03745833333333333
9 0.3800341796875 0.6527777777777778 0.01061767578125 0.02862037037037037
9 0.4632470703125 0.6616157407407407 0.0110302734375 0.024412037037037034
9 0.46468994140625 0.6988657407407407 0.0125830078125 0.03661574074074074
9 0.50176025390625 0.7605231481481481 0.01703125 0.0580787037037037
9 0.526611328125 0.7910370370370371 0.01924072265625 0.06860185185185186
9 0.40733154296875 0.6174259259259259 0.00662109375 0.017675925925925925
9 0.39224365234375 0.6153194444444444 0.0075146484375 0.020203703703703703
9 0.44982666015625 0.6094259259259259 0.00727294921875 0.017675925925925925
9 0.397568359375 0.6430972222222222 0.0070703125 0.021041666666666667
9 0.40311767578125 0.6348888888888888 0.0057373046875 0.018097222222222223
9 0.38980224609375 0.6523564814814814 0.0057421875 0.015995370370370368
5 0.30590087890625 0.8091342592592593 0.02792236328125 0.040824074074074075
8 0.281826171875 0.7131712962962963 0.00862548828125 0.040824074074074075
8 0.27195068359375 0.7584166666666667 0.00751953125 0.04208796296296296
8 0.32210205078125 0.6734027777777778 0.00439453125 0.02862037037037037
8 0.33009033203125 0.6742407407407407 0.00572265625 0.02862037037037037
8 0.34085205078125 0.6744537037037037 0.00682861328125 0.024833333333333332
8 0.34606689453125 0.6609861111111112 0.00349853515625 0.020624999999999998
8 0.26028564453125 0.7615740740740741 0.005498046875 0.029041666666666664
8 0.25984130859375 0.7979814814814815 0.00727294921875 0.03535185185185185
8 0.25041259765625 0.7668333333333333 0.00714599609375 0.05555555555555555
8 0.3713671875 0.6193194444444444 0.00482666015625 0.02399074074074074
8 0.3874560546875 0.5999583333333334 0.0032666015625 0.018939814814814812
8 0.48778564453125 0.6485694444444445 0.00728271484375 0.030300925925925926
9 0.65947509765625 0.8888888888888888 0.0216845703125 0.08796296296296297
9 0.7949462890625 0.7731481481481481 0.01675048828125 0.06018518518518518
9 0.7259912109375 0.9803240740740741 0.020439453125 0.03935185185185185
6 0.67839599609375 0.9525462962962963 0.0259228515625 0.05324074074074074