8 0.28326171875 0.9396851851851852 0.06336669921875 0.12062500000000001
9 0.36876953125 0.790324074074074 0.0659521484375 0.18982407407407406
9 0.467001953125 0.7151898148148148 0.046767578125 0.14924537037037036
9 0.34354248046875 0.7013518518518519 0.03492919921875 0.12511574074074075
9 0.42822265625 0.6436064814814815 0.031474609375 0.09584722222222222
9 0.334921875 0.6726342592592593 0.03376708984375 0.10241666666666667
8 0.2674560546875 0.6481527777777778 0.01468017578125 0.08493518518518518
9 0.3979150390625 0.6031111111111112 0.01912353515625 0.06473611111111112
9 0.31931884765625 0.6571342592592593 0.02640625 0.10146296296296296
8 0.235830078125 0.6291805555555555 0.01607421875 0.0720925925925926
9 0.62646484375 0.6272592592592593 0.03953125 0.08825925925925926
9 0.56998291015625 0.6170324074074074 0.03171630859375 0.08069444444444444
6 0.487021484375 0.6042777777777778 0.01854248046875 0.058777777777777776
9 0.4729345703125 0.586837962962963 0.02072021484375 0.04867592592592593
9 0.44011474609375 0.5739722222222222 0.017021484375 0.051097222222222224
6 0.42531494140625 0.5811666666666666 0.015625 0.043
8 0.72966796875 0.6191805555555556 0.01349853515625 0.07177314814814816
2 0.6342333984375 0.7752916666666667 0.15648681640625 0.1662361111111111
8 0.225458984375 0.5969722222222222 0.011103515625 0.053875
9 0.2886962890625 0.5633055555555556 0.01280029296875 0.035833333333333335
9 0.35440185546875 0.5523935185185186 0.0100048828125 0.029055555555555553
9 0.2694482421875 0.5517453703703704 0.009140625 0.03228240740740741
9 0.31608642578125 0.5776898148148147 0.0146337890625 0.047532407407407405
9 0.402373046875 0.6345648148148149 0.02608154296875 0.086
9 0.3599169921875 0.5991203703703704 0.0147802734375 0.06181944444444445
8 0.23451171875 0.5870324074074074 0.00825927734375 0.03324537037037037
8 0.24218994140625 0.6040648148148148 0.0111572265625 0.05248148148148148
8 0.2674755859375 0.5906018518518519 0.01217041015625 0.04313888888888889
8 0.25617431640625 0.595 0.008115234375 0.050833333333333335
8 0.15850341796875 0.6622129629629631 0.01924560546875 0.10694907407407407
9 0.328935546875 0.593962962962963 0.01788330078125 0.046092592592592595
9 0.33900634765625 0.5786527777777778 0.0137158203125 0.03259722222222222
9 0.30879638671875 0.55725 0.0105908203125 0.03325462962962963