8 0.010986328125 0.8790879629629629 0.02197265625 0.12145833333333335
9 0.118701171875 0.8748055555555555 0.08708251953125 0.12851388888888887
6 0.1265234375 0.9422407407407407 0.05782470703125 0.11551851851851852
5 0.19900390625 0.803675925925926 0.05416748046875 0.06975925925925926
9 0.2560302734375 0.9394212962962963 0.05371826171875 0.12115277777777778
9 0.27656494140625 0.794949074074074 0.03868408203125 0.10599537037037036
9 0.30085693359375 0.7212268518518518 0.0271337890625 0.07544444444444445
2 0.24008056640625 0.7655555555555555 0.0749853515625 0.07926851851851852
7 0.06994384765625 0.8170324074074073 0.07271240234375 0.15401851851851853
8 0.24831787109375 0.8722870370370371 0.0207421875 0.08691666666666667
8 0.26473876953125 0.8764583333333333 0.0223681640625 0.07162037037037036
8 0.3416943359375 0.6848240740740741 0.008857421875 0.05810648148148148
8 0.34943115234375 0.6896527777777778 0.0108935546875 0.05038425925925926
3 0.38740234375 0.6954444444444445 0.026162109375 0.06351388888888888
8 0.36750244140625 0.6708287037037037 0.0101806640625 0.04749074074074074
9 0.38857421875 0.6466018518518519 0.0166943359375 0.04112037037037037
3 0.40552490234375 0.6162962962962963 0.0174072265625 0.03841666666666667
2 0.45372802734375 0.6516203703703703 0.0276904296875 0.056560185185185186
9 0.460546875 0.6960231481481481 0.01913818359375 0.0685324074074074
6 0.4944482421875 0.7930277777777778 0.02198974609375 0.0837824074074074
2 0.61243896484375 0.8564305555555556 0.080537109375 0.12495370370370369
2 0.620166015625 0.9581712962962964 0.12853515625 0.0836574074074074
8 0.717109375 0.9723101851851852 0.0263037109375 0.05537962962962963
6 0.88618408203125 0.925337962962963 0.05369140625 0.10952777777777778
9 0.44331787109375 0.628824074074074 0.0180615234375 0.039324074074074074
9 0.4387109375 0.6183935185185185 0.0130078125 0.036787037037037035
8 0.189052734375 0.7160972222222222 0.01222900390625 0.06802314814814815
8 0.17844970703125 0.7051435185185184 0.011552734375 0.04381018518518518
8 0.1707275390625 0.7016851851851852 0.01021484375 0.03827777777777778
8 0.10512451171875 0.7324722222222223 0.0100927734375 0.06202777777777777
8 0.095517578125 0.728550925925926 0.0098486328125 0.055574074074074074
9 0.3505078125 0.626800925925926 0.01392333984375 0.04031944444444445
9 0.38315673828125 0.639800925925926 0.0133837890625 0.04338888888888889
9 0.484921875 0.6948101851851851 0.01958984375 0.0642962962962963