6 0.15230712890625 0.8369583333333332 0.0941650390625 0.138125
8 0.1143505859375 0.7911388888888888 0.02324951171875 0.08505092592592593
7 0.03857421875 0.8675185185185185 0.0771484375 0.10014814814814814
5 0.25472412109375 0.776074074074074 0.06965576171875 0.10711111111111112
8 0.21505126953125 0.7543240740740741 0.0269287109375 0.12253703703703704
8 0.09531005859375 0.756412037037037 0.02226806640625 0.1174537037037037
8 0.28828857421875 0.7297685185185185 0.0293798828125 0.09324074074074075
8 0.35505615234375 0.7110046296296296 0.01791259765625 0.0844675925925926
8 0.39557861328125 0.697587962962963 0.01987548828125 0.10204629629629629
2 0.4978564453125 0.746662037037037 0.176865234375 0.15388888888888888
9 0.50603759765625 0.8390416666666667 0.1009423828125 0.17099537037037038
9 0.6395703125 0.8730648148148148 0.11410400390625 0.16312500000000002
2 0.458447265625 0.969212962962963 0.21396240234375 0.06157407407407407
3 0.62407958984375 0.9576388888888889 0.15613525390625 0.08472222222222223
2 0.76065185546875 0.8096435185185185 0.15118896484375 0.13256944444444446
2 0.80641845703125 0.9096527777777778 0.20121826171875 0.18069444444444446
9 0.9025 0.9310185185185185 0.09001708984375 0.13796296296296295
9 0.869052734375 0.7154166666666667 0.05193603515625 0.0941712962962963
9 0.76102783203125 0.724912037037037 0.0458154296875 0.06129166666666666
9 0.919462890625 0.6994444444444444 0.04388671875 0.0890787037037037
9 0.97048583984375 0.9102314814814815 0.05658935546875 0.17953703703703705
2 0.95559326171875 0.8175277777777777 0.0888134765625 0.09154166666666666
10 0.976806640625 0.7036064814814814 0.04638671875 0.12241666666666667
2 0.977197265625 0.596199074074074 0.03828125 0.03776851851851852
2 0.919951171875 0.5917916666666666 0.04291259765625 0.021972222222222223
8 0.73126953125 0.6686435185185186 0.01744140625 0.07660648148148148
9 0.5975341796875 0.8495370370370371 0.096435546875 0.1574074074074074
6 0.6036376953125 0.7395833333333334 0.032958984375 0.08564814814814815
6 0.6561279296875 0.7442129629629629 0.042724609375 0.0625
8 0.7958984375 0.7129629629629629 0.01708984375 0.08796296296296297
8 0.8526611328125 0.6516203703703703 0.015869140625 0.05787037037037037
8 0.94482421875 0.6331018518518519 0.0244140625 0.05324074074074074
6 0.587158203125 0.6840277777777778 0.04150390625 0.04861111111111111
8 0.17578125 0.6365740740740741 0.01708984375 0.08796296296296297
8 0.5157470703125 0.6331018518518519 0.015869140625 0.0625
8 0.5572509765625 0.6261574074074074 0.010986328125 0.0625
8 0.6207275390625 0.6076388888888888 0.010986328125 0.04398148148148148
8 0.5572509765625 0.625 0.013427734375 0.07407407407407407
8 0.5706787109375 0.6296296296296297 0.013427734375 0.06481481481481481
8 0.6451416015625 0.6840277777777778 0.015869140625 0.0625