2 0.11744140625 0.7334953703703704 0.23488037109375 0.2024074074074074
2 0.29002197265625 0.7835509259259259 0.219130859375 0.2176574074074074
3 0.4374462890625 0.8049999999999999 0.1195947265625 0.2518888888888889
9 0.49907470703125 0.8513240740740741 0.1172998046875 0.2973518518518518
9 0.60746826171875 0.8757592592592593 0.124619140625 0.24848611111111113
9 0.301904296875 0.6281805555555555 0.05221923828125 0.11393981481481483
9 0.35760498046875 0.5976898148148148 0.0283056640625 0.08383333333333334
6 0.382216796875 0.6254398148148148 0.03218994140625 0.09329629629629631
9 0.399794921875 0.5908287037037038 0.0260546875 0.07722685185185185
3 0.5392041015625 0.6443194444444444 0.05894775390625 0.11437037037037037
5 0.61047119140625 0.6738287037037037 0.062216796875 0.19075925925925927
2 0.6918896484375 0.5815555555555556 0.05289306640625 0.0684074074074074
9 0.75461669921875 0.5897685185185185 0.02836181640625 0.09495833333333334
9 0.55158935546875 0.5666203703703704 0.029521484375 0.06847222222222223
9 0.4296435546875 0.5397824074074075 0.0143994140625 0.043416666666666666
9 0.392431640625 0.5598796296296296 0.039345703125 0.055462962962962964
3 0.3918359375 0.5264490740740742 0.01386962890625 0.02289814814814815
9 0.37380859375 0.5512083333333333 0.01271484375 0.05261574074074074
2 0.36100341796875 0.5096342592592592 0.01148193359375 0.01711111111111111
1 0.3743115234375 0.4977222222222222 0.01352294921875 0.03066203703703704
9 0.82676513671875 0.5934861111111112 0.0331201171875 0.08978703703703704
8 0.98119384765625 0.6420925925925927 0.03309326171875 0.12956944444444446
9 0.748896484375 0.5138333333333334 0.01227783203125 0.035745370370370365
8 0.6678125 0.5321296296296296 0.0078466796875 0.03564814814814815
8 0.677138671875 0.511800925925926 0.0058935546875 0.03098148148148148