9 0.0375439453125 0.9427638888888888 0.07509033203125 0.11076851851851852
3 0.0185986328125 0.8960092592592593 0.037197265625 0.08445833333333333
6 0.06599609375 0.8816388888888889 0.0474365234375 0.08866203703703704
6 0.13388671875 0.8798333333333334 0.043134765625 0.0929212962962963
3 0.1058349609375 0.9520787037037036 0.0612255859375 0.0958425925925926
9 0.20635986328125 0.9411435185185185 0.08305908203125 0.11771296296296296
3 0.23815673828125 0.9041203703703704 0.08624267578125 0.12391203703703703
3 0.37135986328125 0.8676527777777778 0.07785888671875 0.09620370370370371
6 0.3569189453125 0.946962962962963 0.07333251953125 0.10607407407407407
3 0.47000244140625 0.8764259259259259 0.08511474609375 0.1224074074074074
9 0.497041015625 0.9281805555555555 0.0785107421875 0.14363888888888887
9 0.5882568359375 0.8655925925925926 0.07216064453125 0.10844444444444445
9 0.66978515625 0.8089444444444445 0.0714306640625 0.0984074074074074
9 0.656015625 0.9312268518518518 0.0598681640625 0.13755092592592594
9 0.73717041015625 0.7895509259259259 0.0374755859375 0.08701388888888888
9 0.79234375 0.7813287037037038 0.03422607421875 0.09847222222222221
9 0.8390966796875 0.747212962962963 0.0301123046875 0.09561574074074074
2 0.9105859375 0.7676805555555556 0.05820068359375 0.08173148148148147
9 0.8553369140625 0.6906203703703704 0.0217138671875 0.054875
9 0.83978759765625 0.6574583333333333 0.01701904296875 0.059537037037037034
2 0.8160693359375 0.6426574074074074 0.034697265625 0.039462962962962964
9 0.35937255859375 0.9156435185185186 0.0856298828125 0.11209259259259259
9 0.74771484375 0.9026944444444445 0.04704833984375 0.15369444444444444
7 0.966123046875 0.8550462962962964 0.06775390625 0.13266203703703705
8 0.71033203125 0.7152685185185186 0.0108642578125 0.05218055555555555
8 0.731806640625 0.7010462962962963 0.01158203125 0.05285185185185185
8 0.76261962890625 0.6632592592592593 0.00794677734375 0.0444212962962963
8 0.091298828125 0.8178240740740741 0.0149560546875 0.08014351851851853
8 0.01832763671875 0.8356064814814815 0.02087158203125 0.051805555555555556
6 0.51224853515625 0.8457870370370371 0.04106201171875 0.06731018518518518