8 0.008017578125 0.883462962962963 0.01603759765625 0.12767592592592591
8 0.01929443359375 0.8904953703703704 0.015576171875 0.11082407407407407
7 0.053359375 0.8185046296296297 0.07253173828125 0.15244907407407407
9 0.10337158203125 0.8800509259259259 0.08896240234375 0.14384259259259258
9 0.190283203125 0.8641574074074073 0.0657568359375 0.13816666666666666
8 0.214267578125 0.9359675925925927 0.03039794921875 0.12806481481481483
8 0.24114501953125 0.9424212962962963 0.0240673828125 0.11515740740740742
2 0.2266357421875 0.7628287037037037 0.0768994140625 0.07663888888888888
9 0.28622802734375 0.7201990740740741 0.02708251953125 0.07535185185185185
3 0.3371435546875 0.7744537037037037 0.04241455078125 0.0967361111111111
8 0.33444091796875 0.6745416666666667 0.00991943359375 0.05959259259259259
9 0.36257568359375 0.666337962962963 0.01834716796875 0.053370370370370374
8 0.3880517578125 0.6612731481481481 0.00918212890625 0.04525462962962963
3 0.38680419921875 0.6271712962962963 0.017138671875 0.042898148148148144
8 0.40078125 0.6286481481481482 0.005419921875 0.03251388888888889
6 0.44970947265625 0.7167546296296297 0.0139892578125 0.06743981481481481
9 0.462490234375 0.6735138888888889 0.02169921875 0.061717592592592595
2 0.50845703125 0.8693333333333333 0.0897216796875 0.18242129629629628
2 0.598515625 0.8533518518518518 0.08150634765625 0.11993518518518519
8 0.6424169921875 0.9414953703703705 0.02224609375 0.10336574074074074
8 0.16216796875 0.7091620370370371 0.01289794921875 0.05274537037037037
5 0.08480224609375 0.7161527777777779 0.01226318359375 0.07372685185185185
5 0.76791015625 0.9666666666666667 0.063515625 0.0666712962962963
6 0.86880859375 0.9253888888888888 0.054736328125 0.10977777777777778
6 0.9772802734375 0.9062638888888889 0.040009765625 0.0915462962962963
5 0.69139404296875 0.9466111111111112 0.064521484375 0.10677314814814814
8 0.173017578125 0.714925925925926 0.01185546875 0.06556481481481481
2 0.43467529296875 0.6358888888888888 0.02466552734375 0.05625925925925926
9 0.43952880859375 0.6692175925925926 0.0153369140625 0.05675
9 0.438173828125 0.605824074074074 0.0117822265625 0.03403240740740741
8 0.31421630859375 0.6517361111111111 0.0080859375 0.04941203703703704
5 0.18334716796875 0.803888888888889 0.05497802734375 0.06509722222222222
9 0.41192626953125 0.6222777777777777 0.02280029296875 0.04247222222222222
9 0.36776123046875 0.6505185185185185 0.01340087890625 0.049990740740740745
8 0.419453125 0.6069675925925926 0.004599609375 0.03188425925925926