2 0.6706640625 0.7902083333333333 0.1184423828125 0.13041666666666665
8 0.63863037109375 0.8831249999999999 0.03146484375 0.14032407407407407
9 0.77146240234375 0.7047453703703703 0.06055908203125 0.11250462962962962
2 0.5409765625 0.6775833333333333 0.057900390625 0.07876388888888888
9 0.88462158203125 0.8292222222222222 0.1043212890625 0.1524212962962963
2 0.9173974609375 0.9528842592592592 0.165205078125 0.09423148148148147
2 0.5635302734375 0.6150648148148148 0.05189697265625 0.05383796296296296
9 0.973623046875 0.8031435185185185 0.05275146484375 0.13824074074074075
6 0.81814208984375 0.9392546296296296 0.08324951171875 0.12149074074074075
2 0.47975830078125 0.6735277777777777 0.05498779296875 0.10492129629629629
5 0.71035888671875 0.6562546296296297 0.04192626953125 0.06256481481481481