2 0.03391845703125 0.24771296296296294 0.03177001953125 0.07197685185185185
9 0.078857421875 0.2247824074074074 0.02281005859375 0.03624074074074074
8 0.0592724609375 0.22164814814814815 0.0141943359375 0.01423611111111111
7 0.11810302734375 0.3050046296296296 0.03711669921875 0.04952777777777778
6 0.158798828125 0.2961388888888889 0.0244091796875 0.03241666666666666
9 0.20116455078125 0.2981898148148148 0.03179931640625 0.055467592592592596
9 0.1754052734375 0.37813425925925925 0.0271923828125 0.03423148148148148
6 0.2323291015625 0.2719537037037037 0.019921875 0.04004166666666666
9 0.18912109375 0.23167129629629632 0.02984375 0.04344907407407407
9 0.1775927734375 0.16451851851851854 0.030341796875 0.02639814814814815
3 0.1634423828125 0.08608333333333333 0.02820556640625 0.04412037037037037
5 0.2379345703125 0.11182407407407408 0.0187353515625 0.029046296296296296
3 0.2261865234375 0.17916203703703704 0.03267333984375 0.031453703703703706
9 0.2621435546875 0.17778240740740742 0.02541748046875 0.023425925925925926
6 0.27128173828125 0.12555555555555556 0.01108154296875 0.0437037037037037
3 0.34512939453125 0.17292592592592593 0.0259326171875 0.045050925925925925
3 0.39507568359375 0.06730092592592593 0.03296875 0.063
9 0.3897607421875 0.1636388888888889 0.02638427734375 0.030805555555555558
9 0.40639892578125 0.11894444444444445 0.02614990234375 0.03936574074074074
9 0.45615234375 0.0799212962962963 0.0214990234375 0.027462962962962963
9 0.466044921875 0.11331018518518518 0.01966552734375 0.03596296296296297
9 0.4822265625 0.04403703703703704 0.021298828125 0.0387037037037037
3 0.5138232421875 0.0679212962962963 0.0238330078125 0.05235185185185185
9 0.3354736328125 0.2878935185185185 0.01742431640625 0.048013888888888884
9 0.348310546875 0.33168981481481485 0.02231201171875 0.026782407407407408
9 0.26106201171875 0.39469907407407406 0.0193359375 0.027925925925925927
9 0.28851318359375 0.4867777777777778 0.0168359375 0.04829166666666667
9 0.298544921875 0.45583333333333337 0.01963134765625 0.04622685185185185
9 0.3075048828125 0.42743055555555554 0.02239013671875 0.03840277777777778
9 0.3083251953125 0.6509907407407408 0.02313720703125 0.036189814814814814
5 0.3119091796875 0.5598888888888889 0.020068359375 0.04212962962962963
5 0.302265625 0.6088981481481481 0.0188037109375 0.038481481481481485
2 0.3659375 0.6228055555555555 0.0380517578125 0.08375925925925926
2 0.42519775390625 0.47331944444444446 0.03813232421875 0.08437037037037037
9 0.38828369140625 0.44319444444444445 0.01741455078125 0.0442962962962963
6 0.38567626953125 0.48996296296296293 0.013115234375 0.026162037037037036
9 0.4095703125 0.3470925925925926 0.017763671875 0.04472685185185185
9 0.43596923828125 0.31451851851851853 0.0150830078125 0.04681944444444444
9 0.4553759765625 0.3174166666666667 0.01412353515625 0.04911111111111111
9 0.48618896484375 0.26386574074074076 0.0121337890625 0.04298611111111111
9 0.204580078125 0.4455972222222222 0.021708984375 0.04489814814814815
9 0.452412109375 0.6441574074074075 0.0191064453125 0.03512962962962963
9 0.41387451171875 0.6445462962962963 0.02630126953125 0.03230092592592593
9 0.43112060546875 0.5437777777777778 0.0125341796875 0.039532407407407405
9 0.64373291015625 0.12894444444444444 0.02195068359375 0.024069444444444445
9 0.70159423828125 0.3264490740740741 0.01310546875 0.04925462962962963
9 0.691708984375 0.29031481481481486 0.01400634765625 0.05222685185185185
2 0.318076171875 0.9737314814814816 0.045556640625 0.05253703703703704
5 0.35208251953125 0.9409537037037037 0.01831298828125 0.03621296296296296
7 0.40440185546875 0.9234583333333334 0.02711669921875 0.03569907407407407
7 0.4656884765625 0.9236111111111112 0.02426025390625 0.0438287037037037
9 0.48161376953125 0.8164953703703705 0.018193359375 0.027587962962962963
9 0.45609619140625 0.8171898148148149 0.02082275390625 0.02750462962962963
9 0.4260009765625 0.8296111111111111 0.02560791015625 0.039884259259259265
9 0.44194580078125 0.8483472222222223 0.02010009765625 0.02828240740740741
9 0.50598876953125 0.8524444444444444 0.02436279296875 0.03143518518518519
9 0.5300244140625 0.8590138888888889 0.0216748046875 0.031217592592592595
9 0.5586376953125 0.8799953703703703 0.0210888671875 0.02627314814814815
9 0.5312060546875 0.7813703703703704 0.0241064453125 0.037925925925925925
9 0.5649658203125 0.8196574074074074 0.0214306640625 0.0349212962962963
9 0.57267333984375 0.7793379629629629 0.023916015625 0.025550925925925925
6 0.6029443359375 0.8050601851851852 0.01369140625 0.029416666666666667
6 0.62842041015625 0.8429814814814814 0.0159130859375 0.030365740740740742
3 0.61135986328125 0.8612916666666667 0.027431640625 0.04859722222222222
5 0.52363525390625 0.9390138888888889 0.0221728515625 0.036148148148148145
5 0.5150244140625 0.8932777777777778 0.02007080078125 0.02940740740740741
8 0.65798828125 0.2248888888888889 0.0073828125 0.018287037037037036
9 0.6409619140625 0.10430092592592592 0.023056640625 0.02514814814814815
3 0.43233154296875 0.0632037037037037 0.02890625 0.0438287037037037
8 0.4426123046875 0.10205555555555555 0.00626220703125 0.017597222222222222
3 0.36393798828125 0.11892592592592592 0.028310546875 0.044606481481481476
3 0.31525634765625 0.1547037037037037 0.02985107421875 0.031921296296296295
6 0.32079833984375 0.10635648148148148 0.01090087890625 0.042884259259259254
6 0.294912109375 0.10097685185185186 0.0096728515625 0.039125
6 0.24960693359375 0.14560648148148148 0.023662109375 0.014518518518518517
9 0.20186767578125 0.14466203703703706 0.02364501953125 0.029949074074074072
3 0.13371337890625 0.06243518518518519 0.03162109375 0.03562037037037037
3 0.09663330078125 0.023962962962962964 0.0318505859375 0.042208333333333334
6 0.15803466796875 0.02089351851851852 0.0184423828125 0.027712962962962964
5 0.1966064453125 0.06062962962962963 0.0218603515625 0.03202314814814815
5 0.20182861328125 0.09412037037037038 0.02632568359375 0.03596296296296297
8 0.2243798828125 0.0863287037037037 0.01101806640625 0.020453703703703703
9 0.3139306640625 0.883912037037037 0.02025390625 0.03896296296296296
9 0.33989990234375 0.9176388888888889 0.0158349609375 0.04248148148148148
9 0.366943359375 0.8899444444444444 0.02434814453125 0.039685185185185184
9 0.39073486328125 0.8721666666666668 0.02387451171875 0.03440277777777778
5 0.4920556640625 0.9205046296296296 0.018291015625 0.02613425925925926
9 0.6530712890625 0.7596574074074074 0.0185498046875 0.040060185185185185
9 0.41232177734375 0.8589537037037037 0.0213818359375 0.03443981481481481
8 0.372841796875 0.7784675925925926 0.0078564453125 0.01612037037037037
8 0.4029833984375 0.7388981481481481 0.00760009765625 0.018074074074074072
8 0.3629248046875 0.7995972222222223 0.00837158203125 0.015875
8 0.3720703125 0.8046018518518518 0.00991943359375 0.01612037037037037
8 0.3643408203125 0.8138842592592592 0.00631103515625 0.01514351851851852
6 0.57887451171875 0.8954675925925926 0.014169921875 0.03077777777777778
6 0.59401123046875 0.8867962962962963 0.01713134765625 0.02564814814814815
9 0.70279052734375 0.9242916666666667 0.02009521484375 0.038592592592592595
8 0.72855224609375 0.8398981481481482 0.0077294921875 0.01636574074074074
8 0.74343017578125 0.8368472222222222 0.01017578125 0.01612037037037037
8 0.6630517578125 0.7900694444444444 0.00966064453125 0.011967592592592594
8 0.4898681640625 0.4920694444444444 0.00695556640625 0.01636574074074074
8 0.50171875 0.5031805555555555 0.00386474609375 0.013680555555555555
8 0.51041259765625 0.5029398148148148 0.00760009765625 0.02100462962962963
8 0.534306640625 0.44553703703703706 0.00618408203125 0.011726851851851851
8 0.5183349609375 0.4330787037037037 0.00824462890625 0.008791666666666666
8 0.49592041015625 0.42306481481481484 0.0064404296875 0.01025925925925926
3 0.35072509765625 0.5795416666666666 0.021513671875 0.05217129629629629
9 0.264306640625 0.46178703703703705 0.018662109375 0.0458287037037037
8 0.04456787109375 0.19724074074074074 0.011591796875 0.012458333333333333
8 0.03844970703125 0.21116666666666667 0.01378173828125 0.010013888888888888
8 0.340703125 0.08695833333333335 0.0097900390625 0.019050925925925926
6 0.41251708984375 0.14143055555555556 0.016875 0.022962962962962963
8 0.3846923828125 0.34685185185185186 0.0078564453125 0.012703703703703705
8 0.44207763671875 0.5806157407407407 0.00669921875 0.011726851851851851
8 0.4487109375 0.5878194444444444 0.0060546875 0.011967592592592594
8 0.4524462890625 0.6018657407407407 0.00528076171875 0.012703703703703705
8 0.4591455078125 0.6073611111111111 0.00656982421875 0.009527777777777777
8 0.4661669921875 0.5674212962962963 0.00618408203125 0.008305555555555556
8 0.46938720703125 0.5853750000000001 0.00824462890625 0.012458333333333333
6 0.4763427734375 0.6586574074074074 0.01468505859375 0.02271759259259259
7 0.42848876953125 0.6680601851851852 0.00760009765625 0.018564814814814815