9 0.27450927734375 0.9319537037037037 0.101494140625 0.13609722222222223
9 0.4195654296875 0.8803657407407407 0.08367431640625 0.11852777777777777
3 0.41517333984375 0.9210879629629629 0.07001953125 0.1280787037037037
9 0.31778564453125 0.7434074074074074 0.049580078125 0.07848611111111112
9 0.53558837890625 0.8277453703703704 0.07119140625 0.095
2 0.52569580078125 0.7311712962962963 0.0550537109375 0.06790277777777777
9 0.61211669921875 0.750800925925926 0.0313525390625 0.0762962962962963
9 0.67510009765625 0.9082129629629629 0.09544677734375 0.1319722222222222
3 0.70793212890625 0.8696203703703704 0.0738818359375 0.11331944444444444
9 0.78123291015625 0.9314861111111111 0.09863525390625 0.13702777777777778
9 0.97943359375 0.8934907407407408 0.04113037109375 0.13341666666666668
9 0.92728515625 0.9400879629629629 0.11080078125 0.11982407407407407
9 0.14147705078125 0.8605138888888889 0.06593017578125 0.11525462962962962
9 0.1631103515625 0.7787962962962963 0.0590625 0.08465277777777777
9 0.22285888671875 0.8224212962962963 0.07348388671875 0.09897685185185184
9 0.2927392578125 0.8621435185185186 0.07451416015625 0.11330092592592592
9 0.890576171875 0.9287916666666667 0.0875634765625 0.14241666666666666
9 0.83511962890625 0.9028425925925926 0.07623291015625 0.1256759259259259
9 0.78361083984375 0.8728888888888889 0.0727978515625 0.11134722222222222
8 0.8694580078125 0.8136296296296297 0.01442138671875 0.084
8 0.3600732421875 0.6950972222222223 0.0106982421875 0.04600462962962963
8 0.3336279296875 0.7068101851851852 0.0120556640625 0.05229166666666667
8 0.6213720703125 0.7735324074074074 0.01702880859375 0.06572222222222222
8 0.63440673828125 0.7736759259259259 0.0117529296875 0.06200925925925926
8 0.650078125 0.76725 0.01114990234375 0.04629166666666666
8 0.6532421875 0.7239583333333334 0.0075341796875 0.04086111111111111
8 0.592666015625 0.7369583333333333 0.03224853515625 0.07372222222222223
8 0.565390625 0.7505324074074075 0.0292333984375 0.07115277777777777
2 0.64909912109375 0.6785231481481481 0.0197412109375 0.039717592592592596
9 0.56584228515625 0.7190972222222223 0.02863037109375 0.0642962962962963
8 0.473017578125 0.7703888888888889 0.0120556640625 0.07943981481481481
6 0.4887646484375 0.7496759259259259 0.0236572265625 0.0682962962962963
6 0.51370361328125 0.7622453703703704 0.02169921875 0.06886574074074074
9 0.53736083984375 0.7349583333333334 0.02893310546875 0.06286574074074074