2 0.11018310546875 0.8507916666666667 0.032373046875 0.0583287037037037
2 0.1090869140625 0.7407314814814815 0.0329541015625 0.05575
2 0.106630859375 0.6888148148148148 0.0364892578125 0.05212962962962963
2 0.09716796875 0.5285370370370371 0.03356201171875 0.04786111111111111
8 0.036279296875 0.42751388888888886 0.0105517578125 0.010472222222222223
6 0.10466064453125 0.4320185185185185 0.01252685546875 0.021648148148148146
6 0.09260498046875 0.3472824074074074 0.0138037109375 0.01964351851851852
6 0.05797119140625 0.8065416666666667 0.01744873046875 0.014277777777777778
9 0.14240478515625 0.20558333333333334 0.03940673828125 0.0678425925925926
9 0.16871826171875 0.1341712962962963 0.0173974609375 0.02563888888888889
2 0.25497802734375 0.3440740740740741 0.0305615234375 0.05869907407407408
2 0.29595947265625 0.23827314814814812 0.02291748046875 0.04491203703703704
9 0.29105224609375 0.3731111111111111 0.01548095703125 0.027944444444444445
9 0.31595458984375 0.3515972222222222 0.01490478515625 0.023319444444444445
9 0.2739404296875 0.2801990740740741 0.01634765625 0.025569444444444443
9 0.46544921875 0.34073611111111113 0.01735107421875 0.02451388888888889
9 0.43721435546875 0.3172129629629629 0.01384521484375 0.025935185185185186
2 0.40444580078125 0.49618055555555557 0.02395263671875 0.06863425925925926
7 0.295927734375 0.45275000000000004 0.01916259765625 0.039574074074074074
9 0.390595703125 0.7232037037037037 0.01545166015625 0.03176388888888889
9 0.3901220703125 0.6158703703703704 0.01281982421875 0.03358796296296296
6 0.37177001953125 0.5403055555555555 0.00732177734375 0.029944444444444447
2 0.584052734375 0.637462962962963 0.01589599609375 0.06856018518518518
9 0.4589794921875 0.7588703703703704 0.0187255859375 0.02426851851851852
3 0.55985107421875 0.14663425925925927 0.0150634765625 0.042652777777777776
3 0.50083984375 0.10060648148148148 0.0108740234375 0.04333796296296296
9 0.5416064453125 0.06551388888888889 0.009560546875 0.04113425925925926
9 0.56236328125 0.059550925925925924 0.00815673828125 0.02760185185185185
6 0.56168701171875 0.09789351851851852 0.00765380859375 0.03016203703703704
5 0.57324462890625 0.0777037037037037 0.00895263671875 0.024263888888888887
3 0.56973388671875 0.19270833333333334 0.0143212890625 0.04019444444444444
3 0.56907958984375 0.23683796296296297 0.0148486328125 0.037625
9 0.55496826171875 0.25251388888888887 0.01180908203125 0.03836111111111111
3 0.593232421875 0.2503240740740741 0.02019775390625 0.03555092592592593
6 0.590849609375 0.18971296296296294 0.01413330078125 0.01498611111111111
6 0.58657470703125 0.15539351851851851 0.0162255859375 0.02037962962962963
6 0.57414306640625 0.12735648148148146 0.01362060546875 0.015060185185185185
3 0.61860107421875 0.2891944444444444 0.018408203125 0.0324537037037037
3 0.625966796875 0.331037037037037 0.01750732421875 0.03215277777777778
9 0.65615478515625 0.43077777777777776 0.0157275390625 0.017194444444444446
3 0.89374267578125 0.5020555555555556 0.02462890625 0.021898148148148146
2 0.92539794921875 0.4367361111111111 0.0354833984375 0.03175
6 0.09899169921875 0.3674027777777778 0.01651611328125 0.015259259259259259
8 0.12593505859375 0.3798518518518519 0.009423828125 0.011643518518518518
8 0.05452392578125 0.35264814814814816 0.01418701171875 0.01224537037037037
8 0.029697265625 0.4710972222222222 0.01048095703125 0.011041666666666667
8 0.03155029296875 0.48254166666666665 0.00846923828125 0.010638888888888889
8 0.04092041015625 0.4736064814814815 0.00878662109375 0.01325
2 0.10137451171875 0.5801157407407407 0.0356787109375 0.05721759259259259
6 0.07236328125 0.5789120370370371 0.0102685546875 0.029912037037037036
6 0.0547900390625 0.631412037037037 0.0210693359375 0.014055555555555556
6 0.03393310546875 0.7064953703703704 0.01556396484375 0.01686574074074074
6 0.05463134765625 0.7268749999999999 0.01524658203125 0.011041666666666667
6 0.058759765625 0.8249490740740741 0.01609375 0.017263888888888888
6 0.0614599609375 0.8796574074074074 0.00984619140625 0.025898148148148146
8 0.0863916015625 0.9187083333333333 0.00910400390625 0.011643518518518518
6 0.0955126953125 0.2564398148148148 0.0151611328125 0.0115
6 0.10076904296875 0.26966666666666667 0.01677734375 0.012268518518518519
6 0.09389404296875 0.28308333333333335 0.01536376953125 0.01188425925925926
9 0.1657568359375 0.1646388888888889 0.0218310546875 0.03258333333333333
6 0.1892041015625 0.20852777777777778 0.01212890625 0.023
8 0.116484375 0.071875 0.00656982421875 0.009583333333333333
8 0.12563232421875 0.15006944444444442 0.00687255859375 0.008814814814814815
8 0.12664306640625 0.15859722222222222 0.00748046875 0.011310185185185185
9 0.2216943359375 0.25104629629629627 0.015263671875 0.023046296296296297
5 0.2771875 0.38169444444444445 0.01425048828125 0.024722222222222222
7 0.30193603515625 0.5017916666666666 0.016923828125 0.028101851851851854
7 0.30575927734375 0.5358981481481482 0.01951904296875 0.034583333333333334
9 0.348662109375 0.5371898148148148 0.00990234375 0.028537037037037038
9 0.34071044921875 0.48154629629629636 0.01293701171875 0.022425925925925926
9 0.35258544921875 0.4673657407407407 0.014453125 0.01590740740740741
9 0.34546142578125 0.6049768518518519 0.01212890625 0.031625
9 0.341669921875 0.5780509259259259 0.0093994140625 0.02798148148148148
9 0.32019287109375 0.45011574074074073 0.01536376953125 0.023958333333333335
9 0.32923828125 0.48777777777777775 0.0108154296875 0.024916666666666667
5 0.3260546875 0.6015277777777778 0.01394775390625 0.027023148148148147
5 0.324287109375 0.5584027777777778 0.01121826171875 0.016291666666666666
5 0.30892333984375 0.6206944444444444 0.01505859375 0.029324074074074075
9 0.39276123046875 0.6654444444444444 0.01253173828125 0.029513888888888888
9 0.415908203125 0.7411527777777778 0.014150390625 0.031050925925925923
9 0.40256591796875 0.7656851851851852 0.0151611328125 0.02146759259259259
6 0.31655517578125 0.764824074074074 0.01051025390625 0.025875
6 0.323984375 0.7302268518518519 0.01162353515625 0.022231481481481484
6 0.34071044921875 0.6515509259259259 0.0097021484375 0.03584259259259259
9 0.3120068359375 0.8825000000000001 0.0151611328125 0.03507407407407408
9 0.2851220703125 0.9344398148148149 0.0157666015625 0.031625
6 0.3842724609375 0.5448935185185185 0.00828857421875 0.02875
9 0.43126953125 0.4699537037037037 0.01657470703125 0.024148148148148148
8 0.50459716796875 0.49295370370370367 0.00697509765625 0.014564814814814815
8 0.47276123046875 0.5202638888888889 0.007783203125 0.01897222222222222
8 0.4683642578125 0.4572083333333334 0.00525634765625 0.013606481481481482
8 0.474580078125 0.45596296296296296 0.004345703125 0.008814814814814815
9 0.58449951171875 0.4387175925925926 0.0155126953125 0.021222222222222222
9 0.60369873046875 0.415712962962963 0.016171875 0.021847222222222223
9 0.628359375 0.3936712962962963 0.01152099609375 0.017249999999999998
9 0.63962890625 0.3814027777777778 0.0128369140625 0.030666666666666665
9 0.67111328125 0.46535185185185185 0.01738525390625 0.019166666666666665
9 0.7094189453125 0.45107407407407407 0.0151611328125 0.017824074074074076
9 0.70896240234375 0.4757037037037037 0.0154638671875 0.01801388888888889
9 0.72164794921875 0.49256944444444445 0.0171826171875 0.015717592592592596
9 0.72973388671875 0.4704305555555556 0.0171826171875 0.017439814814814814
9 0.74423828125 0.4926620370370371 0.01526123046875 0.017824074074074076
9 0.77279052734375 0.4823148148148148 0.01900146484375 0.017055555555555556
8 0.7384765625 0.38993518518518516 0.0067724609375 0.012074074074074074
8 0.7221533203125 0.35294444444444445 0.0064697265625 0.010157407407407408
8 0.673046875 0.3958472222222222 0.00484130859375 0.009689814814814814
9 0.69954345703125 0.4297685185185185 0.01667724609375 0.019384259259259257
9 0.6721728515625 0.40770833333333334 0.01116455078125 0.015560185185185186
9 0.51685302734375 0.031828703703703706 0.010302734375 0.03125925925925926
5 0.57069091796875 0.03099074074074074 0.01371826171875 0.02626851851851852
5 0.5850830078125 0.01275462962962963 0.0094140625 0.02550462962962963
9 0.594228515625 0.2885972222222222 0.011298828125 0.02984259259259259
6 0.59355712890625 0.3203518518518519 0.01022216796875 0.01989351851851852
8 0.5563671875 0.3466203703703704 0.00336181640625 0.009180555555555555
6 0.6448681640625 0.3352685185185185 0.010087890625 0.022189814814814815
9 0.61817138671875 0.3533796296296296 0.0121044921875 0.0339212962962963
8 0.57775390625 0.5275833333333333 0.00578369140625 0.010458333333333333
9 0.64749267578125 0.6728379629629629 0.01049072265625 0.03264814814814815
9 0.65125732421875 0.6164675925925925 0.0110302734375 0.03213888888888889
9 0.8363134765625 0.47451851851851856 0.0225927734375 0.01896759259259259
9 0.305654296875 0.4200740740740741 0.01389892578125 0.02356944444444444
8 0.348623046875 0.45010648148148147 0.005478515625 0.009125000000000001
8 0.32530029296875 0.3811712962962963 0.0053466796875 0.009125000000000001
6 0.2871435546875 0.3987824074074074 0.01269775390625 0.015967592592592592
6 0.28520751953125 0.4297037037037037 0.011494140625 0.013430555555555557
6 0.27792236328125 0.41855092592592597 0.00601318359375 0.017486111111111112
8 0.29736572265625 0.6642268518518518 0.00451416015625 0.008351851851851852
8 0.2859130859375 0.6630787037037037 0.00605712890625 0.009814814814814814
8 0.363857421875 0.6629074074074075 0.00492431640625 0.015472222222222222
8 0.46788818359375 0.14845370370370373 0.0053466796875 0.013606481481481482
8 0.4626123046875 0.14512037037037037 0.00351806640625 0.009069444444444444
9 0.44045654296875 0.21500925925925926 0.01828857421875 0.021875
9 0.44404296875 0.17712962962962964 0.015615234375 0.026675925925925926
9 0.4397509765625 0.10230555555555555 0.0095654296875 0.03174537037037037
8 0.4275830078125 0.11243981481481481 0.0029541015625 0.009870370370370371
8 0.43461669921875 0.12937962962962962 0.00548583984375 0.009069444444444444
8 0.4285693359375 0.12311111111111112 0.0043603515625 0.007736111111111111
5 0.41732177734375 0.26039814814814816 0.01625732421875 0.0255
5 0.39747802734375 0.2555601851851852 0.017021484375 0.022407407407407407
9 0.4021923828125 0.27689814814814817 0.0154736328125 0.019208333333333334
9 0.23718017578125 0.28596759259259263 0.01322265625 0.022939814814814812
8 0.236474609375 0.2684953703703704 0.005908203125 0.010402777777777776