8 0.147705078125 0.9392361111111112 0.023193359375 0.12152777777777778
8 0.30242919921875 0.8587962962962963 0.0201416015625 0.10416666666666667
8 0.4498291015625 0.7887731481481481 0.0146484375 0.06597222222222222
8 0.60882568359375 0.7204861111111112 0.0128173828125 0.047453703703703706
8 0.587158203125 0.7118055555555556 0.008544921875 0.05324074074074074
8 0.555419921875 0.7037037037037037 0.009765625 0.04398148148148148
8 0.623779296875 0.6805555555555556 0.008544921875 0.05092592592592592
8 0.63154052734375 0.6808055555555556 0.010986328125 0.04976851851851852
8 0.66741943359375 0.6545138888888888 0.0091552734375 0.03819444444444445
8 0.6938818359375 0.6372361111111111 0.00523193359375 0.03505092592592592
8 0.64924072265625 0.6488101851851852 0.00523193359375 0.03571296296296296
0 0.41468994140625 0.9083981481481482 0.03557373046875 0.10515740740740741
6 0.54478271484375 0.8925277777777777 0.0341796875 0.10648148148148148
9 0.5121728515625 0.8554907407407407 0.04499267578125 0.10648148148148148
9 0.57704345703125 0.7708333333333334 0.02476318359375 0.07737962962962962
9 0.6574365234375 0.7063472222222222 0.01953125 0.03306944444444445
9 0.6440087890625 0.7056898148148149 0.01220703125 0.046296296296296294
9 0.70643798828125 0.6580694444444445 0.01220703125 0.015875
9 0.69248779296875 0.6633611111111111 0.00871826171875 0.009259259259259259
9 0.653076171875 0.6706342592592592 0.02197265625 0.04365277777777778
9 0.60337646484375 0.6679907407407407 0.0090673828125 0.037037037037037035
9 0.7209130859375 0.6468240740740742 0.00837158203125 0.03836111111111111
9 0.7060888671875 0.6405416666666667 0.01081298828125 0.021824074074074076
2 0.73329345703125 0.8214305555555556 0.05964111328125 0.09656018518518518
2 0.65760986328125 0.7764537037037037 0.0666162109375 0.09656018518518518
2 0.71062255859375 0.7427268518518518 0.04359619140625 0.054231481481481485
2 0.7390478515625 0.6994027777777778 0.03627197265625 0.04299074074074074
2 0.79432861328125 0.6977500000000001 0.03173828125 0.04893981481481481
2 0.755615234375 0.6732824074074074 0.02685546875 0.046296296296296294
2 0.7121923828125 0.9474212962962963 0.09556396484375 0.10515740740740741
3 0.806884765625 0.7901250000000001 0.02685546875 0.09259259259259259
1 0.88370849609375 0.875 0.23258544921875 0.25