8 0.50563232421875 0.9034166666666668 0.01208740234375 0.05293055555555556
9 0.57905517578125 0.9734537037037037 0.02873779296875 0.04134722222222222
9 0.4763671875 0.9793287037037036 0.03685791015625 0.041337962962962965
3 0.43843994140625 0.9705185185185186 0.03668701171875 0.05896759259259259
3 0.39026611328125 0.9674444444444443 0.04043701171875 0.0651111111111111
2 0.3472314453125 0.9722314814814814 0.0650048828125 0.05554166666666666
5 0.6268017578125 0.978236111111111 0.02722900390625 0.043527777777777776
9 0.42290771484375 0.8868518518518518 0.01845458984375 0.05581944444444444
3 0.37749267578125 0.8862453703703703 0.02658935546875 0.030518518518518518
8 0.34778564453125 0.7891018518518519 0.00922119140625 0.04549074074074074
2 0.25575927734375 0.7714120370370371 0.03568359375 0.038662037037037036
2 0.24330078125 0.8173935185185185 0.0250927734375 0.04850462962962963
2 0.20831298828125 0.8152453703703704 0.031923828125 0.04482407407407407
9 0.250693359375 0.9754120370370369 0.0264453125 0.027875
3 0.235068359375 0.9469583333333333 0.02839599609375 0.06238425925925926
9 0.204921875 0.9511157407407407 0.03254150390625 0.09481944444444444
9 0.1772119140625 0.9501898148148148 0.03180419921875 0.09296759259259259
9 0.1357177734375 0.9578379629629629 0.023984375 0.08324537037037037
3 0.10044677734375 0.9715277777777778 0.0364111328125 0.05694444444444444
4 0.03736328125 0.9583472222222224 0.05810302734375 0.08330092592592593
4 0.088232421875 0.9157037037037037 0.0325 0.065625
2 0.15695068359375 0.8696203703703704 0.03814697265625 0.06145833333333333
9 0.144990234375 0.8858287037037037 0.03277587890625 0.03644907407407408
2 0.10129150390625 0.8670694444444444 0.0322802734375 0.05173611111111111
2 0.10265869140625 0.8740509259259259 0.03105712890625 0.035958333333333335
2 0.13693359375 0.8179907407407407 0.01959228515625 0.046162037037037036
2 0.11154541015625 0.8103472222222222 0.02154052734375 0.035513888888888887
2 0.1681201171875 0.8397824074074074 0.04006103515625 0.0716712962962963
9 0.05314453125 0.8839814814814815 0.021630859375 0.046282407407407404
2 0.13443359375 0.7931712962962963 0.0195458984375 0.03834722222222222
2 0.10617919921875 0.7548842592592593 0.02032958984375 0.029680555555555554
2 0.06524658203125 0.7348148148148148 0.01754150390625 0.028439814814814814
2 0.07037841796875 0.690226851851852 0.01379150390625 0.021328703703703704
2 0.0428076171875 0.702125 0.01398193359375 0.015439814814814816
8 0.49751708984375 0.875287037037037 0.00831298828125 0.048212962962962964
8 0.51585205078125 0.8998611111111111 0.00880126953125 0.03801388888888889
8 0.485537109375 0.9443657407407408 0.01173583984375 0.06583333333333333
6 0.00953369140625 0.8938333333333334 0.01222412109375 0.06305092592592593
9 0.05720947265625 0.9763564814814814 0.0322705078125 0.04636111111111111
2 0.07285400390625 0.6675925925925926 0.01466796875 0.014833333333333334
2 0.05818603515625 0.6777916666666667 0.01271240234375 0.025962962962962962
2 0.07236572265625 0.6685185185185185 0.01173583984375 0.02225462962962963
2 0.04400634765625 0.6889212962962963 0.01466796875 0.02225462962962963
2 0.0809228515625 0.7579953703703703 0.01906982421875 0.030597222222222224
2 0.10341552734375 0.7533611111111111 0.0180908203125 0.019472222222222224
3 0.0633203125 0.7807129629629629 0.0171142578125 0.035236111111111114
9 0.0530517578125 0.8590601851851851 0.02591552734375 0.056560185185185186
10 0.1097705078125 0.7232268518518519 0.02884765625 0.04450462962962963
8 0.366474609375 0.807138888888889 0.00928955078125 0.04172685185185185
8 0.302421875 0.7626342592592592 0.007333984375 0.02688888888888889
8 0.2926416015625 0.7510416666666667 0.006357421875 0.027814814814814813
8 0.534921875 0.9480740740740741 0.0107568359375 0.05099537037037037
8 0.45937744140625 0.8692638888888888 0.01222412109375 0.039870370370370375
8 0.4828466796875 0.874824074074074 0.006357421875 0.04543518518518518
8 0.46280029296875 0.8460833333333333 0.00537841796875 0.036162037037037034
8 0.8769482421875 0.953175925925926 0.01222412109375 0.048212962962962964
8 0.929267578125 0.9682407407407407 0.01515869140625 0.06351388888888888
8 0.91313232421875 0.9649953703703703 0.01613525390625 0.07000462962962964
8 0.9610498046875 0.9608240740740741 0.0180908203125 0.07835185185185185
8 0.94197998046875 0.9499305555555555 0.0171142578125 0.08252314814814815
8 0.98378662109375 0.9747314814814815 0.0244482421875 0.05053240740740741