8 0.650390625 0.7921296296296296 0.0166015625 0.09907407407407408
8 0.73095703125 0.8212962962962963 0.0146484375 0.1037037037037037
8 0.74755859375 0.8203703703703704 0.005859375 0.10555555555555556
8 0.738525390625 0.8217592592592593 0.00634765625 0.11944444444444445
8 0.763427734375 0.8976851851851851 0.02392578125 0.11018518518518519
6 0.450439453125 0.8328703703703704 0.03955078125 0.05092592592592592
9 0.413330078125 0.875 0.06201171875 0.1425925925925926
9 0.78564453125 0.6546296296296297 0.0244140625 0.046296296296296294
5 0.708984375 0.6865740740740741 0.0283203125 0.04722222222222222
6 0.66845703125 0.7055555555555556 0.02734375 0.03888888888888889
2 0.733642578125 0.5958981481481482 0.0212744140625 0.017194444444444446
2 0.77009033203125 0.5906064814814815 0.02232177734375 0.021162037037037038