3 0.29695068359375 0.8526759259259259 0.14499267578125 0.261
3 0.0575830078125 0.7620416666666666 0.11516357421875 0.17416203703703703
9 0.5751806640625 0.7902361111111111 0.0726904296875 0.22237037037037036
9 0.4460986328125 0.7005925925925925 0.0441552734375 0.13235185185185186
9 0.4046240234375 0.6423611111111112 0.05415283203125 0.10079166666666667
9 0.46282470703125 0.6329583333333334 0.0382763671875 0.09404166666666666
9 0.4969091796875 0.6023472222222221 0.02971435546875 0.0713287037037037
8 0.7126708984375 0.7165648148148148 0.02509765625 0.1411064814814815
9 0.68021728515625 0.643625 0.0307763671875 0.1030925925925926
9 0.75934814453125 0.6393888888888889 0.0321923828125 0.10522685185185185
9 0.3139501953125 0.6093888888888889 0.0214501953125 0.06562962962962962
3 0.32541015625 0.5973842592592592 0.0247998046875 0.052064814814814814
2 0.3423046875 0.5853333333333333 0.0250537109375 0.040004629629629626
2 0.3048876953125 0.5794907407407408 0.02383056640625 0.04580092592592593
9 0.36972412109375 0.5836898148148149 0.0160400390625 0.04418518518518518
1 0.311474609375 0.5323611111111112 0.0147900390625 0.024384259259259262
9 0.56671875 0.5894583333333333 0.02223388671875 0.05666666666666667
9 0.682841796875 0.5583657407407407 0.01802001953125 0.03649537037037037
8 0.59004150390625 0.5575787037037037 0.00831787109375 0.036430555555555556
8 0.65726318359375 0.5443333333333333 0.00585205078125 0.03050925925925926
8 0.81476318359375 0.6607175925925927 0.0192333984375 0.052425925925925924
8 0.68851806640625 0.7181898148148148 0.02587890625 0.1428333333333333
8 0.5788427734375 0.5598101851851852 0.007802734375 0.038754629629629625
9 0.45102294921875 0.5942175925925925 0.02291259765625 0.061064814814814815
3 0.322646484375 0.5600416666666667 0.0118896484375 0.024662037037037038
9 0.414609375 0.6111296296296296 0.02588623046875 0.06905092592592593
9 0.73043212890625 0.5722175925925926 0.01535400390625 0.04975925925925926
8 0.69423095703125 0.5343472222222222 0.0028173828125 0.01935185185185185