9 0.10361328125 0.8742268518518518 0.08945556640625 0.13425925925925927
9 0.232587890625 0.8248472222222223 0.06908203125 0.10648148148148148
9 0.3029736328125 0.8086435185185186 0.05523193359375 0.08642129629629629
9 0.34854248046875 0.7901250000000001 0.04545654296875 0.08950462962962964
9 0.43867919921875 0.7301574074074074 0.03517333984375 0.0661388888888889
9 0.4934326171875 0.7060185185185185 0.029580078125 0.06680092592592592
2 0.05626220703125 0.9641203703703703 0.1125244140625 0.07175925925925926
2 0.38407958984375 0.9427083333333334 0.16367919921875 0.11458333333333333
8 0.04795166015625 0.7731481481481481 0.01260498046875 0.08796296296296297
8 0.21812255859375 0.6230925925925926 0.0038671875 0.035402777777777776
8 0.223291015625 0.6222777777777777 0.00503662109375 0.03376851851851852
8 0.3036181640625 0.7325 0.0093017578125 0.06778703703703703
8 0.312158203125 0.7245925925925926 0.00817626953125 0.05573611111111111
8 0.217236328125 0.7394675925925925 0.0164697265625 0.06439814814814815
8 0.33022705078125 0.7180000000000001 0.0132666015625 0.05611574074074074
7 0.16308349609375 0.7640092592592592 0.05572509765625 0.1382962962962963
2 0.5478955078125 0.8256157407407407 0.09911376953125 0.11728240740740742
9 0.5224609375 0.9537037037037037 0.0634765625 0.09259259259259259
9 0.64168212890625 0.8842592592592593 0.05289794921875 0.15123611111111113
9 0.655517578125 0.8148148148148148 0.03987548828125 0.1049398148148148
9 0.70719482421875 0.8009259259259259 0.04557373046875 0.11728240740740742
9 0.775146484375 0.7908935185185185 0.03336669921875 0.10648148148148148
9 0.742333984375 0.7273101851851852 0.0183349609375 0.07022685185185185
9 0.75434326171875 0.7561666666666667 0.024384765625 0.08900000000000001
9 0.775517578125 0.6614305555555556 0.015400390625 0.046935185185185184
9 0.7926611328125 0.6461296296296297 0.01375 0.03163888888888889
9 0.807236328125 0.6699444444444445 0.01796630859375 0.04937037037037037
9 0.53427001953125 0.693138888888889 0.0290673828125 0.05555555555555555
9 0.5790234375 0.6728009259259259 0.018916015625 0.05074537037037037
9 0.5872119140625 0.6579259259259259 0.021455078125 0.06037037037037037
9 0.6092431640625 0.6579259259259259 0.01660888671875 0.04637037037037037
9 0.62746826171875 0.6699537037037037 0.0198388671875 0.052055555555555556
9 0.65468994140625 0.6673287037037038 0.02076171875 0.05293055555555556
9 0.646845703125 0.6487407407407407 0.01291748046875 0.044620370370370366
9 0.6629931640625 0.6382407407407407 0.01476318359375 0.02449537037037037
9 0.6843310546875 0.6362731481481481 0.0122265625 0.03718518518518518
9 0.5463818359375 0.6047731481481481 0.01545654296875 0.027560185185185184
9 0.69217529296875 0.6205231481481481 0.01084228515625 0.028435185185185185
9 0.7375732421875 0.6303009259259259 0.01069091796875 0.04140277777777778
9 0.73968017578125 0.6030324074074074 0.00888427734375 0.020560185185185185
9 0.6510693359375 0.5976111111111111 0.00782958984375 0.02227314814814815
6 0.70399658203125 0.6224490740740741 0.006474609375 0.029694444444444443
6 0.61583740234375 0.7208148148148148 0.018369140625 0.06595833333333333
3 0.79719970703125 0.7535092592592593 0.03056640625 0.08623148148148148
3 0.77114990234375 0.712675925925926 0.02454345703125 0.05368055555555556
3 0.78748779296875 0.6854074074074075 0.02168212890625 0.04882407407407407
3 0.7175927734375 0.6837500000000001 0.02254150390625 0.05818518518518519
9 0.03388916015625 0.9005138888888888 0.06778076171875 0.1148935185185185
9 0.4141748046875 0.7569444444444444 0.036044921875 0.08350462962962964
9 0.40281005859375 0.7486944444444444 0.0229052734375 0.06969907407407408
9 0.368095703125 0.767550925925926 0.0383544921875 0.0757638888888889
2 0.70344970703125 0.7119074074074074 0.045908203125 0.06318518518518518
5 0.67210205078125 0.6592129629629631 0.0176953125 0.034708333333333334
3 0.64116455078125 0.7966759259259258 0.0529931640625 0.10693981481481482
8 0.45056884765625 0.6778518518518519 0.0109033203125 0.04134722222222222