9 0.14427001953125 0.9178425925925926 0.08484130859375 0.13395833333333335
6 0.19750732421875 0.8503981481481481 0.048837890625 0.08919907407407407
2 0.26220703125 0.7933472222222223 0.07486083984375 0.0765138888888889
9 0.26033935546875 0.9404722222222223 0.07088623046875 0.11905555555555557
9 0.3195263671875 0.8528564814814815 0.03715576171875 0.11618981481481482
8 0.32633056640625 0.7522685185185186 0.0116748046875 0.07047222222222223
3 0.39525390625 0.694462962962963 0.0196923828125 0.05463888888888889
3 0.415830078125 0.6843657407407407 0.019970703125 0.05097222222222222
9 0.41147216796875 0.6421018518518519 0.01152099609375 0.03519907407407408
9 0.39809814453125 0.6389398148148148 0.013466796875 0.038754629629629625
6 0.42737548828125 0.642 0.00974853515625 0.03581481481481481
8 0.27333984375 0.7296388888888888 0.01226318359375 0.053912037037037036
9 0.4676416015625 0.6785555555555556 0.01582763671875 0.059277777777777776
9 0.54669189453125 0.8409675925925926 0.03261962890625 0.11474537037037037
9 0.536982421875 0.758287037037037 0.0254638671875 0.07663425925925926
7 0.57573486328125 0.7512175925925927 0.03369873046875 0.09941203703703703
2 0.6355712890625 0.8778148148148148 0.08482421875 0.12368055555555554
5 0.73003662109375 0.9514768518518518 0.06432861328125 0.08373148148148149
5 0.8115966796875 0.9740277777777778 0.06902587890625 0.051944444444444446
6 0.91446533203125 0.9431666666666667 0.0553759765625 0.11274537037037037
8 0.2608544921875 0.8599166666666667 0.01552490234375 0.10521296296296295
8 0.2715771484375 0.8708611111111111 0.01848876953125 0.09157407407407409
5 0.221533203125 0.8380740740740741 0.053232421875 0.06830092592592593
9 0.08126953125 0.9438333333333334 0.07767822265625 0.11233333333333333
8 0.34552978515625 0.7440787037037038 0.01753173828125 0.06467592592592591
8 0.45262939453125 0.6547731481481481 0.0066943359375 0.03838425925925926
8 0.2128369140625 0.749699074074074 0.01154052734375 0.06522685185185184
8 0.22278076171875 0.7339675925925926 0.01014404296875 0.06690277777777777
8 0.23990478515625 0.7311805555555555 0.01058349609375 0.062439814814814816