10 0.589111328125 0.7861111111111111 0.05029296875 0.12962962962962962
10 0.515625 0.7921296296296296 0.0517578125 0.1361111111111111
10 0.57080078125 0.6847222222222222 0.0302734375 0.06574074074074074
10 0.3984375 0.7328703703703704 0.0361328125 0.08425925925925926
10 0.4716796875 0.7185185185185186 0.033203125 0.05925925925925926
9 0.3994140625 0.8231481481481482 0.029296875 0.09074074074074075
9 0.394775390625 0.9398148148148148 0.04736328125 0.11481481481481481
9 0.443115234375 0.8648148148148148 0.02880859375 0.10740740740740741
8 0.5999755859375 0.6935787037037038 0.0079345703125 0.05497685185185185
1 0.6658935546875 0.6461250000000001 0.0323486328125 0.07465277777777778
2 0.5450439453125 0.6351296296296297 0.0201416015625 0.03414351851851852
2 0.58303955078125 0.6160324074074075 0.02716064453125 0.023726851851851853
6 0.60745361328125 0.6565416666666667 0.01983642578125 0.03298611111111111
6 0.545654296875 0.7285879629629629 0.01220703125 0.05555555555555555
6 0.4734814453125 0.75 0.01007080078125 0.07175925925925926
6 0.4383837890625 0.7155694444444445 0.01190185546875 0.05381944444444445
6 0.4551708984375 0.7986111111111112 0.01251220703125 0.0625
6 0.3614794921875 0.9149305555555556 0.01373291015625 0.11805555555555555
6 0.3614794921875 0.8327546296296297 0.01739501953125 0.061342592592592594
3 0.47653076171875 0.9644074074074074 0.05767822265625 0.07118055555555555
3 0.46188232421875 0.912324074074074 0.05096435546875 0.140625
3 0.451201171875 0.7806712962962963 0.03448486328125 0.09027777777777778
9 0.435791015625 0.6817129629629629 0.010986328125 0.04282407407407408
9 0.4490673828125 0.6932870370370371 0.01739501953125 0.052083333333333336
2 0.5223095703125 0.6979166666666666 0.02899169921875 0.046296296296296294
2 0.54458740234375 0.9233194444444444 0.06439208984375 0.1417824074074074
7 0.69259765625 0.90625 0.13336181640625 0.1875
8 0.3265380859375 0.9438657407407407 0.0091552734375 0.11226851851851852
6 0.43197509765625 0.759550925925926 0.00823974609375 0.06770833333333333
9 0.45852783203125 0.6342592592592593 0.01434326171875 0.03819444444444445