8 0.39399169921875 0.7925138888888889 0.01572998046875 0.0853425925925926
0 0.545224609375 0.8337222222222221 0.02087890625 0.10478240740740741
2 0.63688720703125 0.7362546296296296 0.05990966796875 0.08675
6 0.726728515625 0.7533888888888889 0.02408203125 0.08026388888888888
6 0.68248046875 0.6848240740740741 0.01557373046875 0.05566203703703704
2 0.7129931640625 0.6851296296296296 0.04056884765625 0.061222222222222226
9 0.58235107421875 0.6432268518518518 0.0164501953125 0.05397685185185185
9 0.632353515625 0.6463935185185186 0.01438232421875 0.04301851851851852
9 0.65241455078125 0.6697731481481481 0.0203662109375 0.053356481481481484
9 0.67287841796875 0.6658379629629629 0.01198974609375 0.04733333333333333
8 0.67320556640625 0.6226296296296296 0.0373779296875 0.051430555555555556
2 0.731630859375 0.6431481481481481 0.02794921875 0.04641666666666667
1 0.86255615234375 0.6876018518518519 0.0825341796875 0.06862962962962964
8 0.09765625 0.9479166666666666 0.02685546875 0.09953703703703703
8 0.5377197265625 0.6574074074074074 0.010986328125 0.046296296296296294
9 0.6005859375 0.6481481481481481 0.01708984375 0.046296296296296294
1 0.8656005859375 0.8634259259259259 0.268798828125 0.27314814814814814