8 0.6689453125 0.7770046296296296 0.00813720703125 0.10031018518518518
8 0.67484619140625 0.7708333333333334 0.00529052734375 0.084875
8 0.6842041015625 0.7997685185185185 0.010986328125 0.09953703703703703
8 0.694580078125 0.7978379629629629 0.00895263671875 0.09568055555555555
8 0.791015625 0.8271620370370371 0.0146484375 0.10339351851851852
8 0.62296630859375 0.7762361111111111 0.01383544921875 0.0987638888888889
8 0.74442626953125 0.6558657407407408 0.008544921875 0.04938425925925926
8 0.86873291015625 0.7241527777777778 0.009765625 0.07947685185185184
3 0.75732421875 0.6233796296296297 0.02685546875 0.04212962962962963
9 0.756103515625 0.6363425925925926 0.02294921875 0.047685185185185185
9 0.69482421875 0.6511574074074075 0.033203125 0.06805555555555555
6 0.731689453125 0.6210648148148148 0.0146484375 0.04027777777777778
6 0.772216796875 0.6113425925925926 0.01416015625 0.033796296296296297
2 0.6624755859375 0.637962962962963 0.036865234375 0.05555555555555555
1 0.50535400390625 0.8924444444444445 0.28274658203125 0.2123425925925926
2 0.04150390625 0.8904305555555555 0.0830078125 0.15431944444444443