2 0.5537744140625 0.9462361111111111 0.12096923828125 0.10752777777777778
6 0.3848388671875 0.6950462962962963 0.01938720703125 0.05805555555555556
9 0.3219775390625 0.7038333333333333 0.027919921875 0.06363425925925925
3 0.33186279296875 0.5982731481481481 0.0179150390625 0.038634259259259264
3 0.3625 0.6424907407407408 0.02255859375 0.04279166666666667
6 0.6217578125 0.776537037037037 0.0289453125 0.10340740740740742
9 0.71916015625 0.7767685185185185 0.04165771484375 0.09831481481481483
3 0.74711669921875 0.9230833333333333 0.08828857421875 0.15383796296296298
2 0.95937744140625 0.9766203703703704 0.0812451171875 0.04675925925925926
3 0.4298974609375 0.6232407407407408 0.01943603515625 0.04611111111111111
9 0.450810546875 0.620925925925926 0.01830078125 0.053828703703703705
2 0.3866357421875 0.5939351851851852 0.00699951171875 0.04314814814814815
2 0.37491943359375 0.5891898148148148 0.0157861328125 0.03180555555555556
3 0.30357421875 0.5779583333333334 0.01076904296875 0.033430555555555554
6 0.312607421875 0.5702037037037038 0.007353515625 0.03273611111111111
9 0.27965087890625 0.5656898148148148 0.0097900390625 0.025564814814814815
9 0.26506591796875 0.5655740740740741 0.01088623046875 0.023476851851851853
9 0.3701025390625 0.5696805555555555 0.022236328125 0.04730092592592593
8 0.65006103515625 0.7276203703703704 0.01794189453125 0.06383333333333333
8 0.6226220703125 0.6932638888888889 0.014716796875 0.053842592592592595
8 0.748291015625 0.7939814814814815 0.01708984375 0.0787037037037037
9 0.3033447265625 0.6226851851851852 0.013427734375 0.037037037037037035
9 0.3173828125 0.6643518518518519 0.02197265625 0.041666666666666664
9 0.29296875 0.6053240740740741 0.01220703125 0.02546296296296296
8 0.27099609375 0.7442129629629629 0.0146484375 0.06712962962962964