9 0.3777197265625 0.8353194444444444 0.05580322265625 0.09523611111111112
9 0.44416259765625 0.8171296296296297 0.05964111328125 0.08399537037037037
9 0.40492431640625 0.7820787037037037 0.01604248046875 0.04695833333333334
9 0.6867333984375 0.7195787037037037 0.03278564453125 0.054231481481481485
9 0.6621435546875 0.7116388888888889 0.01988037109375 0.060847222222222226
2 0.8319970703125 0.7843935185185185 0.08544921875 0.10581944444444444
2 0.66423583984375 0.8902129629629629 0.12660400390625 0.14153240740740738
9 0.89268310546875 0.6382268518518518 0.01081298828125 0.03836111111111111
9 0.91343505859375 0.6170648148148148 0.01255615234375 0.015875
9 0.92982666015625 0.6107824074074074 0.0055810546875 0.012564814814814815
10 0.90000732421875 0.7189166666666666 0.0408056640625 0.07539814814814816