2 0.245263671875 0.8728981481481481 0.04446533203125 0.07697222222222222
2 0.0356982421875 0.2624537037037037 0.03534912109375 0.07431944444444445
8 0.06066650390625 0.31596296296296295 0.01315185546875 0.013689814814814814
7 0.1152392578125 0.3145601851851852 0.03251220703125 0.047143518518518515
8 0.1512939453125 0.31156944444444445 0.0113720703125 0.0165
6 0.23749755859375 0.3521296296296296 0.01828125 0.024175925925925927
9 0.28852783203125 0.49399537037037033 0.01467529296875 0.048296296296296296
9 0.30591796875 0.4583055555555556 0.02448974609375 0.03480555555555556
9 0.332041015625 0.5198703703703704 0.013515625 0.046467592592592595
9 0.3648681640625 0.512875 0.02068359375 0.04033796296296296
9 0.3852685546875 0.5873425925925926 0.02487548828125 0.026060185185185186
8 0.42156494140625 0.6567685185185185 0.006640625 0.012736111111111111
5 0.304462890625 0.6138425925925927 0.0184423828125 0.048
5 0.31332763671875 0.5655 0.02142578125 0.04774537037037037
9 0.30258056640625 0.7176851851851852 0.02130126953125 0.04833333333333334
8 0.36287841796875 0.7241666666666667 0.01789306640625 0.033518518518518524
8 0.3681884765625 0.7614398148148148 0.0109375 0.029361111111111112
9 0.45787109375 0.6890555555555555 0.02143798828125 0.041087962962962965
9 0.4855029296875 0.6794814814814815 0.02134033203125 0.042194444444444444
9 0.45769287109375 0.6376296296296297 0.018203125 0.04636574074074074
9 0.334072265625 0.39993055555555557 0.02667724609375 0.06329166666666668
8 0.4666259765625 0.5739814814814814 0.006533203125 0.010287037037037037
8 0.4470263671875 0.5183055555555556 0.00641357421875 0.013217592592592593
8 0.4499853515625 0.5952083333333333 0.0089599609375 0.01274074074074074
9 0.315146484375 0.2127314814814815 0.028076171875 0.02750462962962963
9 0.30958740234375 0.25651851851851853 0.0277294921875 0.02613425925925926
2 0.3231787109375 0.3098194444444445 0.05253173828125 0.04452314814814815
3 0.3449560546875 0.1811851851851852 0.02560791015625 0.04755092592592592
3 0.43245361328125 0.06796296296296298 0.0301123046875 0.04917592592592593
9 0.4810693359375 0.04870833333333333 0.018525390625 0.04335648148148148
6 0.31979736328125 0.11356018518518518 0.01086181640625 0.041490740740740745
6 0.29493896484375 0.10868981481481482 0.00996337890625 0.03928703703703704
6 0.2708349609375 0.13625 0.012119140625 0.04148148148148148
6 0.2481689453125 0.15640740740740738 0.02299072265625 0.021453703703703704
9 0.2050830078125 0.15668518518518518 0.02837158203125 0.03565277777777778
9 0.1914404296875 0.1743472222222222 0.0265234375 0.03392592592592593
5 0.2372412109375 0.12047685185185186 0.01807861328125 0.028569444444444446
5 0.20589599609375 0.10399074074074074 0.01897705078125 0.03168055555555556
5 0.1966064453125 0.06940277777777777 0.02110595703125 0.03500925925925926
3 0.16345458984375 0.09642592592592593 0.03116943359375 0.04592129629629629
3 0.12701416015625 0.05408333333333333 0.031435546875 0.04162037037037037
3 0.1105859375 0.07157407407407407 0.0327783203125 0.037703703703703705
3 0.09579833984375 0.03411111111111111 0.0306201171875 0.04436574074074074
9 0.078974609375 0.0709074074074074 0.026904296875 0.04387037037037037
6 0.15951416015625 0.029041666666666664 0.0228125 0.02053240740740741
9 0.3887451171875 0.17173611111111112 0.027314453125 0.03258333333333333
9 0.430546875 0.17300462962962962 0.02296875 0.03919444444444444
9 0.50584228515625 0.12369444444444445 0.020224609375 0.03962037037037037
9 0.54399169921875 0.14546296296296296 0.02233154296875 0.028574074074074075
8 0.4505224609375 0.16637037037037036 0.009619140625 0.016555555555555556
8 0.4391552734375 0.10949537037037037 0.0108642578125 0.022800925925925926
9 0.28416015625 0.9639351851851852 0.022626953125 0.04577777777777778
2 0.32029296875 0.9774490740740741 0.044716796875 0.04510185185185185
9 0.61081787109375 0.17781481481481481 0.02700927734375 0.02723611111111111
9 0.6870947265625 0.17430092592592594 0.0200048828125 0.037009259259259256
9 0.6679150390625 0.22582407407407407 0.0233154296875 0.032226851851851854
9 0.65457763671875 0.6643333333333333 0.019580078125 0.04137037037037037
9 0.558720703125 0.884337962962963 0.022529296875 0.02911574074074074
9 0.5323828125 0.8660555555555556 0.0191015625 0.028810185185185185
9 0.50746826171875 0.8548287037037038 0.0198095703125 0.03500925925925926
9 0.4814599609375 0.8268194444444444 0.0198486328125 0.03353703703703704
9 0.45602294921875 0.8230462962962963 0.024619140625 0.02888425925925926
9 0.443212890625 0.8609444444444445 0.01906005859375 0.04654166666666667
9 0.42704833984375 0.8322268518518519 0.0202490234375 0.049638888888888885
9 0.4107958984375 0.819875 0.02437255859375 0.033282407407407406
5 0.3533447265625 0.9487824074074074 0.01842041015625 0.040976851851851855
9 0.503720703125 0.7611481481481481 0.025693359375 0.026129629629629628
9 0.59104736328125 0.837199074074074 0.02147705078125 0.04724074074074074
9 0.61909912109375 0.8805185185185186 0.0222119140625 0.03843055555555556
9 0.72485107421875 0.9761990740740741 0.02016357421875 0.04760185185185185
7 0.46744140625 0.9284953703703703 0.024462890625 0.050819444444444445
5 0.5271142578125 0.9458287037037038 0.0269189453125 0.038134259259259264
5 0.56696044921875 0.9454166666666666 0.0202392578125 0.034902777777777776
7 0.40474609375 0.9271759259259259 0.02648193359375 0.04859259259259259
9 0.08899658203125 0.26925000000000004 0.02364990234375 0.0436712962962963
9 0.17478759765625 0.3855925925925926 0.02471435546875 0.029050925925925924
8 0.17305908203125 0.3429259259259259 0.01186279296875 0.014592592592592593
9 0.20846435546875 0.4579768518518519 0.019423828125 0.030449074074074073
9 0.2649755859375 0.4697037037037037 0.017939453125 0.04672222222222222
9 0.30818115234375 0.4963287037037037 0.0198486328125 0.04011111111111111
3 0.42406494140625 0.5510787037037037 0.02166748046875 0.05038425925925926
8 0.45843017578125 0.5189675925925926 0.00568359375 0.01199537037037037
8 0.45783203125 0.535912037037037 0.006875 0.011125000000000001
8 0.459208984375 0.5533842592592593 0.0041259765625 0.01199537037037037
8 0.4129150390625 0.6761944444444444 0.0081591796875 0.019120370370370367
8 0.42313720703125 0.677412037037037 0.00715087890625 0.013212962962962963
8 0.4242822265625 0.6940092592592593 0.006875 0.014773148148148148
8 0.5013134765625 0.640162037037037 0.00634033203125 0.013694444444444443
8 0.51179443359375 0.6568657407407407 0.0075732421875 0.013027777777777779
8 0.5102978515625 0.5100601851851851 0.00845458984375 0.01803703703703704
8 0.531435546875 0.4519398148148148 0.00810302734375 0.016699074074074075
8 0.49233154296875 0.43874537037037037 0.005283203125 0.010356481481481482
8 0.49673583984375 0.4305601851851852 0.00598876953125 0.010689814814814815
9 0.517099609375 0.7892222222222223 0.02469482421875 0.027208333333333334
8 0.7093359375 0.9033518518518519 0.00927001953125 0.019939814814814816
6 0.657724609375 0.9181435185185185 0.015263671875 0.028944444444444446
9 0.3681787109375 0.9001342592592593 0.01797607421875 0.03194444444444444
9 0.3931640625 0.882875 0.02023681640625 0.03816203703703704
9 0.41407958984375 0.8664722222222222 0.01571533203125 0.025513888888888888
9 0.65483154296875 0.7638842592592593 0.01739990234375 0.039518518518518515
9 0.68766357421875 0.668662037037037 0.012548828125 0.03450462962962963
9 0.66560302734375 0.13448148148148148 0.0209716796875 0.02698611111111111
8 0.5401806640625 0.10087962962962964 0.00965087890625 0.017842592592592594
8 0.0506640625 0.06176388888888889 0.01254638671875 0.02012962962962963
8 0.0604345703125 0.06244907407407407 0.01085693359375 0.02150462962962963
3 0.36357666015625 0.12726388888888887 0.027138671875 0.05096296296296296
3 0.316337890625 0.16319907407407408 0.0323388671875 0.032060185185185185
9 0.40721923828125 0.12443055555555554 0.02720947265625 0.04012962962962963
3 0.39829833984375 0.07799074074074075 0.0254052734375 0.04496296296296297
3 0.510947265625 0.06669907407407408 0.0241845703125 0.047189814814814816
6 0.41267578125 0.14960185185185185 0.01664794921875 0.01738425925925926