3 0.7880546875000001 0.9016203703703703 0.14590364583333332 0.19675925925925927
9 0.5469739583333334 0.7780277777777778 0.070859375 0.1903148148148148
9 0.4876484375 0.6232916666666667 0.05377083333333333 0.13547685185185185
9 0.363875 0.48754629629629626 0.04407291666666667 0.10935185185185185
8 0.29409114583333335 0.9058981481481482 0.034708333333333334 0.1482175925925926
8 0.31552343749999995 0.9567916666666667 0.039382812499999996 0.08642129629629629
3 0.570671875 0.46894907407407405 0.05227864583333333 0.1107361111111111
2 0.43778124999999996 0.43892592592592594 0.06948697916666666 0.09236574074074073
6 0.4541015625 0.3381388888888889 0.022268229166666667 0.063625
8 0.6730416666666666 0.4521111111111111 0.016078125000000002 0.06745833333333334
8 0.5311432291666667 0.33302314814814815 0.011393229166666666 0.060259259259259255
8 0.3585078125 0.9567916666666667 0.041666666666666664 0.08642129629629629
9 0.34809114583333334 0.5733009259259259 0.039929687500000005 0.12191203703703703
8 0.7889947916666666 0.4646203703703704 0.013916666666666666 0.06899074074074074
8 0.78859375 0.4769907407407407 0.025424479166666666 0.0727962962962963
8 0.6856875 0.4344074074074074 0.021411458333333334 0.051384259259259255
6 0.5269791666666667 0.4039537037037037 0.024088541666666668 0.07898148148148147
5 0.5573567708333333 0.3287777777777778 0.026497395833333333 0.07517592592592592
9 0.4271510416666667 0.2857175925925926 0.017127604166666664 0.052814814814814814
8 0.4927213541666667 0.28667129629629634 0.010169270833333332 0.04329629629629629
2 0.4276848958333333 0.26026388888888885 0.031046874999999998 0.040916666666666664
9 0.33253906250000004 0.3478101851851852 0.02275 0.06470833333333334
9 0.2836953125 0.30451388888888886 0.020341145833333334 0.0580462962962963
9 0.31032552083333337 0.31402777777777774 0.015255208333333332 0.056143518518518516
9 0.37790364583333336 0.23694907407407406 0.0133828125 0.04282407407407408
0 0.4081484375 0.261212962962963 0.009098958333333332 0.04187037037037037
6 0.2941328125 0.22196296296296297 0.009098958333333332 0.03378240740740741
2 0.30443749999999997 0.20387962962962963 0.016861979166666666 0.025217592592592594
8 0.40373177083333334 0.23766203703703706 0.005619791666666666 0.028074074074074074
8 0.39248958333333334 0.22386574074074075 0.005619791666666666 0.025217592592592594
8 0.3866015625 0.22267592592592594 0.0072265625 0.025694444444444443