2 0.8209228515625 0.9085648148148148 0.135498046875 0.13194444444444445
9 0.459716796875 0.8837962962962963 0.03662109375 0.12129629629629629
9 0.507568359375 0.9060185185185186 0.04248046875 0.1287037037037037
2 0.430908203125 0.6773148148148148 0.02880859375 0.04537037037037037
2 0.505859375 0.6685185185185185 0.03515625 0.046296296296296294
2 0.54833984375 0.8240740740740741 0.0810546875 0.10555555555555556
6 0.448486328125 0.737037037037037 0.01318359375 0.06851851851851852
6 0.546142578125 0.6930555555555555 0.01416015625 0.058333333333333334
9 0.39990234375 0.7666666666666667 0.025390625 0.07407407407407407
9 0.41943359375 0.7476851851851852 0.0224609375 0.06944444444444445
10 0.6591796875 0.7416666666666667 0.04296875 0.1
5 0.534423828125 0.6648148148148149 0.01806640625 0.040740740740740744
9 0.548828125 0.6578703703703703 0.0126953125 0.03425925925925926
9 0.498291015625 0.6277777777777778 0.01123046875 0.03518518518518519
9 0.523193359375 0.6402777777777777 0.01123046875 0.03981481481481482
10 0.410400390625 0.5842592592592593 0.01220703125 0.024074074074074074
9 0.471435546875 0.6138888888888889 0.00927734375 0.037037037037037035
8 0.568603515625 0.6606481481481481 0.00634765625 0.04722222222222222
8 0.695068359375 0.7097222222222223 0.00732421875 0.049074074074074076
8 0.78466796875 0.7476851851851852 0.005859375 0.058333333333333334
8 0.80517578125 0.7541666666666667 0.0166015625 0.05277777777777778
8 0.79296875 0.7513888888888889 0.0048828125 0.062037037037037036
8 0.83837890625 0.7731481481481481 0.0146484375 0.07037037037037037
8 0.695068359375 0.7106481481481481 0.00927734375 0.05092592592592592
8 0.421142578125 0.9722222222222222 0.02099609375 0.053703703703703705