5 0.143525390625 0.9668981481481481 0.04302734375 0.06620370370370371
9 0.23580322265625 0.9807870370370371 0.03913818359375 0.038425925925925926
8 0.185390625 0.8374398148148148 0.017890625 0.0665462962962963
8 0.16451904296875 0.8536435185185185 0.0181298828125 0.07118055555555555
8 0.182216796875 0.913375 0.0169140625 0.0795324074074074
8 0.231650390625 0.9036527777777779 0.01814208984375 0.06933796296296296
8 0.2912158203125 0.9541666666666667 0.02352294921875 0.09166666666666666
9 0.28047607421875 0.8031666666666666 0.0303564453125 0.057560185185185186
9 0.300126953125 0.7901990740740741 0.02523193359375 0.051083333333333335
6 0.33674560546875 0.9029583333333334 0.02767822265625 0.08647222222222223
2 0.375439453125 0.9571203703703705 0.05527099609375 0.08575925925925926
2 0.3938720703125 0.8603611111111111 0.06723876953125 0.07997685185185185
9 0.4154736328125 0.8478564814814814 0.03379638671875 0.04570833333333334
9 0.44867431640625 0.8531805555555555 0.0235498046875 0.06099074074074075
3 0.42402099609375 0.9235648148148149 0.03379638671875 0.10453703703703704
3 0.46625244140625 0.9145324074074075 0.0372216796875 0.08184259259259259
2 0.48737060546875 0.9715277777777778 0.07799560546875 0.05694444444444444
3 0.481875 0.8351203703703703 0.02794921875 0.05265277777777778
2 0.4717236328125 0.8107731481481482 0.0366943359375 0.0555
9 0.50687744140625 0.795800925925926 0.01847412109375 0.04098611111111111
9 0.52962158203125 0.7582175925925926 0.01855712890625 0.03526851851851852
2 0.42412109375 0.7540416666666667 0.019599609375 0.04561574074074074
3 0.4441796875 0.7893194444444445 0.03074951171875 0.0511712962962963
9 0.51200439453125 0.7644675925925926 0.026123046875 0.02461574074074074
8 0.1220703125 0.8796296296296297 0.02197265625 0.07407407407407407
8 0.135498046875 0.8831018518518519 0.01708984375 0.08101851851851852
8 0.8599853515625 0.9421296296296297 0.018310546875 0.07407407407407407
8 0.8197021484375 0.9583333333333334 0.015869140625 0.06944444444444445
8 0.643310546875 0.9629629629629629 0.02197265625 0.07407407407407407
8 0.6842041015625 0.9583333333333334 0.018310546875 0.08333333333333333
8 0.543212890625 0.9409722222222222 0.0146484375 0.0763888888888889
8 0.2362060546875 0.7951388888888888 0.020751953125 0.07175925925925926