2 0.34998046875 0.9089305555555556 0.04619384765625 0.09885185185185186
2 0.3397900390625 0.8472407407407407 0.0383740234375 0.08265277777777778
6 0.3744287109375 0.7929305555555556 0.0183447265625 0.06193981481481481
3 0.52455810546875 0.9181805555555556 0.0513232421875 0.12494444444444444
9 0.62786376953125 0.9568888888888889 0.04940673828125 0.08622222222222223
9 0.5441357421875 0.8656574074074074 0.027021484375 0.06828240740740742
9 0.6046484375 0.7470092592592592 0.0181982421875 0.06104166666666666
2 0.6055859375 0.7177592592592592 0.039130859375 0.043694444444444445
2 0.67008544921875 0.7480462962962963 0.0379296875 0.07785648148148147
8 0.52443603515625 0.6965 0.007646484375 0.03534259259259259
2 0.36976318359375 0.7612314814814815 0.0241455078125 0.05085648148148148
3 0.2978076171875 0.7991481481481482 0.02621826171875 0.0662361111111111
8 0.5414501953125 0.7697222222222222 0.0112646484375 0.059537037037037034
8 0.91615478515625 0.8796342592592593 0.0168505859375 0.09483796296296296
8 0.8279052734375 0.9151805555555556 0.023369140625 0.10014814814814814
6 0.9528955078125 0.9765092592592594 0.0407958984375 0.04697685185185185
8 0.8829541015625 0.8852268518518518 0.01605712890625 0.07469907407407407
8 0.87417236328125 0.9085416666666667 0.022080078125 0.08897685185185185
8 0.85046142578125 0.906875 0.0148046875 0.09325462962962963
8 0.83967041015625 0.9104444444444444 0.01530517578125 0.09468518518518519
8 0.98256591796875 0.9182962962962963 0.02107666015625 0.11418981481481481
8 0.65641357421875 0.7651203703703704 0.01333984375 0.05300462962962963
8 0.66567626953125 0.7633148148148148 0.0089990234375 0.058625
8 0.55620361328125 0.7767638888888888 0.01154052734375 0.060231481481481476
8 0.53179931640625 0.6949537037037037 0.00889404296875 0.03513425925925926
2 0.5329638671875 0.6825046296296297 0.02456298828125 0.029912037037037036
10 0.51607666015625 0.6659444444444444 0.02466796875 0.046578703703703705
9 0.54947998046875 0.6889305555555555 0.01291748046875 0.03834722222222222
9 0.562978515625 0.9041527777777778 0.02826904296875 0.09777314814814815
9 0.58426025390625 0.9234259259259259 0.03673828125 0.09335648148148148
2 0.5705615234375 0.9794583333333334 0.0984814453125 0.04107870370370371
2 0.42125732421875 0.8558379629629629 0.048447265625 0.08102314814814815
2 0.4087548828125 0.7982592592592592 0.041484375 0.0834675925925926
2 0.45646484375 0.7997962962962962 0.03940673828125 0.08428703703703704
3 0.48172119140625 0.8188240740740741 0.02816162109375 0.0676574074074074
2 0.47713623046875 0.9638009259259259 0.080869140625 0.07240277777777777
2 0.4904833984375 0.8827037037037038 0.05871826171875 0.0967361111111111
9 0.4373583984375 0.7439398148148149 0.01472900390625 0.02414351851851852
2 0.44614013671875 0.910787037037037 0.062236328125 0.10462037037037036
2 0.395546875 0.9633842592592592 0.0718310546875 0.07323148148148148
9 0.316162109375 0.9794166666666666 0.0351416015625 0.041171296296296296
8 0.24178955078125 0.9571759259259259 0.01739990234375 0.08565277777777777
9 0.328583984375 0.7984583333333334 0.01585693359375 0.05881018518518519
9 0.3466162109375 0.7863518518518519 0.02189208984375 0.05748148148148148
9 0.3211474609375 0.7915416666666667 0.0172607421875 0.06625925925925927
6 0.29504638671875 0.8409027777777778 0.02203125 0.05960648148148148
2 0.391279296875 0.6469675925925926 0.01020751953125 0.018175925925925925
2 0.39587646484375 0.6471898148148149 0.0147265625 0.014481481481481482
2 0.4020703125 0.6641111111111111 0.01386962890625 0.01876388888888889
2 0.3633837890625 0.708736111111111 0.02298583984375 0.02201851851851852
2 0.3849072265625 0.7340324074074074 0.02812255859375 0.04074537037037037
2 0.35839599609375 0.7319305555555555 0.02095947265625 0.024083333333333335
9 0.44671875 0.6525833333333333 0.0093505859375 0.027925925925925927
8 0.4563818359375 0.6522175925925926 0.0051416015625 0.025416666666666667
8 0.46440673828125 0.6577546296296296 0.00483154296875 0.02762962962962963
2 0.42337646484375 0.7290416666666667 0.0214111328125 0.03966666666666667
6 0.4489697265625 0.7295555555555555 0.008427734375 0.04249074074074074
10 0.4343212890625 0.7394027777777777 0.022099609375 0.05321296296296296
2 0.40703125 0.7520694444444445 0.02939697265625 0.03293981481481482
2 0.39490234375 0.7499259259259259 0.02343505859375 0.03878703703703704
2 0.41098876953125 0.6898935185185185 0.01922119140625 0.03762037037037037
2 0.417978515625 0.7003194444444445 0.01922119140625 0.03040740740740741
2 0.424404296875 0.7094814814814815 0.024052734375 0.028069444444444445