9 0.247880859375 0.8979212962962962 0.0810693359375 0.11694907407407408
8 0.23840087890625 0.7826759259259259 0.01331298828125 0.06104166666666666
9 0.3631103515625 0.8634814814814814 0.0562744140625 0.1221111111111111
9 0.4004443359375 0.7979537037037037 0.03375244140625 0.08742592592592592
9 0.438525390625 0.7792777777777777 0.0251513671875 0.08154629629629628
9 0.4538671875 0.8367407407407407 0.04336181640625 0.1140462962962963
9 0.48775634765625 0.7516527777777777 0.0262890625 0.07572222222222222
8 0.464970703125 0.6965462962962963 0.0086962890625 0.05441666666666667
9 0.514677734375 0.7232500000000001 0.021708984375 0.07262500000000001
9 0.54061767578125 0.6661712962962963 0.01551513671875 0.051152777777777776
9 0.52279296875 0.6725462962962964 0.0137646484375 0.05352777777777778
9 0.50440185546875 0.6946064814814814 0.01545166015625 0.0587037037037037
7 0.5041552734375 0.6636527777777778 0.0168994140625 0.04399537037037037
9 0.5146533203125 0.6486296296296297 0.01095703125 0.044972222222222226
9 0.4997216796875 0.6519027777777777 0.01182861328125 0.04776851851851852
2 0.4714306640625 0.6502268518518518 0.02933837890625 0.03649537037037037
8 0.425029296875 0.6740462962962963 0.00676513671875 0.041777777777777775
8 0.44096435546875 0.6589537037037037 0.008681640625 0.037398148148148146
8 0.29897705078125 0.7581203703703704 0.01240234375 0.07381944444444444
6 0.54156494140625 0.6272407407407407 0.0083447265625 0.03322222222222222
9 0.522998046875 0.614300925925926 0.0116064453125 0.03318055555555555
9 0.51067138671875 0.6110231481481482 0.0108251953125 0.032532407407407406
8 0.49125244140625 0.6211342592592592 0.00627197265625 0.030824074074074073
6 0.53533447265625 0.5891527777777777 0.00514404296875 0.021513888888888888
2 0.53150634765625 0.5683796296296296 0.00802978515625 0.013666666666666667
3 0.7040478515625 0.6817453703703703 0.0259716796875 0.05452314814814815
6 0.72916748046875 0.7141296296296297 0.0191162109375 0.04903703703703704
9 0.74966552734375 0.6844675925925926 0.019990234375 0.06019907407407407
3 0.8704443359375 0.7844444444444445 0.05783447265625 0.0923287037037037
0 0.91452392578125 0.7874768518518519 0.02935546875 0.08154166666666667
5 0.847001953125 0.8749398148148148 0.1036181640625 0.06898611111111111
9 0.67115478515625 0.6226805555555556 0.016298828125 0.03801388888888889
9 0.63099853515625 0.6084907407407407 0.01011962890625 0.03166666666666667
3 0.103671875 0.9315462962962964 0.105859375 0.13690740740740742
6 0.1629345703125 0.8913009259259259 0.0473486328125 0.08083333333333333
9 0.3396484375 0.8263842592592593 0.06271728515625 0.09995370370370371
8 0.31652099609375 0.7451712962962963 0.011083984375 0.04018055555555556
8 0.363134765625 0.7290972222222222 0.0081494140625 0.048212962962962964
8 0.37218017578125 0.7249259259259259 0.00961669921875 0.05037962962962963
9 0.56495849609375 0.6280740740740741 0.011201171875 0.03676851851851852
8 0.72341064453125 0.6354814814814815 0.00696533203125 0.03873148148148148
8 0.7480712890625 0.6435138888888889 0.0084716796875 0.029805555555555554
8 0.84205078125 0.6895601851851852 0.0074365234375 0.050152777777777775