9 0.2489453125 0.965763888888889 0.045478515625 0.06846759259259258
8 0.35052490234375 0.9480277777777778 0.0127734375 0.08886111111111111
8 0.31683349609375 0.9585324074074073 0.02264404296875 0.08293518518518518
2 0.746494140625 0.9450833333333334 0.08313232421875 0.10405092592592592
9 0.70628173828125 0.7336574074074075 0.024384765625 0.06663425925925927
9 0.682001953125 0.7523240740740741 0.02685546875 0.06462962962962962
9 0.75025390625 0.7016018518518519 0.03592529296875 0.061532407407407404
5 0.4702099609375 0.8568749999999999 0.044287109375 0.06887037037037036
8 0.08882568359375 0.9648333333333333 0.01906005859375 0.07033333333333333
8 0.0674755859375 0.9778472222222223 0.0160107421875 0.044305555555555556
8 0.05870849609375 0.9706157407407409 0.0243994140625 0.05876851851851852
8 0.4128662109375 0.8819537037037037 0.0160107421875 0.08675
8 0.49825927734375 0.8429166666666666 0.011435546875 0.07807407407407407
8 0.6991650390625 0.6723101851851853 0.010673828125 0.043375
2 0.6995458984375 0.9836296296296295 0.072431640625 0.03274074074074074
8 0.36369873046875 0.9465416666666666 0.0203173828125 0.07706018518518518