2 0.58380126953125 0.9392361111111112 0.1019287109375 0.11226851851851852
2 0.68695068359375 0.9537037037037037 0.0933837890625 0.09259259259259259
2 0.7916259765625 0.7575231481481481 0.042724609375 0.06597222222222222
2 0.7598876953125 0.671875 0.02685546875 0.04282407407407408
1 0.901611328125 0.8929398148148148 0.19677734375 0.2048611111111111
3 0.771455078125 0.8854166666666666 0.0335693359375 0.12731481481481483
3 0.83706787109375 0.7256944444444444 0.020751953125 0.0625
6 0.72140625 0.7685185185185185 0.0189208984375 0.07407407407407407
6 0.7354443359375 0.8304398148148148 0.0274658203125 0.08680555555555555
0 0.68203857421875 0.7615740740740741 0.01708984375 0.07407407407407407
9 0.678681640625 0.6822916666666666 0.0140380859375 0.047453703703703706
9 0.64480712890625 0.6817129629629629 0.009765625 0.041666666666666664
9 0.62588623046875 0.6782407407407407 0.013427734375 0.041666666666666664
9 0.64480712890625 0.7534722222222222 0.01708984375 0.05092592592592592
9 0.6353466796875 0.8101851851851852 0.0238037109375 0.0763888888888889
9 0.737275390625 0.6730324074074074 0.0079345703125 0.04050925925925926
9 0.72873046875 0.6701388888888888 0.0128173828125 0.03935185185185185
8 0.69668701171875 0.6973379629629629 0.00732421875 0.04976851851851852
6 0.7110302734375 0.6770833333333334 0.0103759765625 0.046296296296296294
8 0.6988232421875 0.6579861111111112 0.0042724609375 0.03125
8 0.7366650390625 0.6296296296296297 0.0054931640625 0.02546296296296296
8 0.87490966796875 0.7690972222222222 0.009765625 0.02199074074074074
8 0.85843017578125 0.78125 0.009765625 0.020833333333333332
8 0.386962890625 0.8294768518518519 0.01220703125 0.06944444444444445
8 0.33528564453125 0.8649675925925926 0.01302001953125 0.084875
8 0.37312744140625 0.8294768518518519 0.01057861328125 0.08179166666666667
8 0.50130126953125 0.7662037037037037 0.00813720703125 0.06944444444444445
8 0.52734375 0.783949074074074 0.01139404296875 0.08950462962962964
8 0.57454345703125 0.7260787037037036 0.009765625 0.05709722222222222
8 0.55135009765625 0.7476851851851852 0.01546142578125 0.05092592592592592
9 0.59326171875 0.7970694444444445 0.03092529296875 0.10339351851851852
9 0.496826171875 0.8842592592592593 0.03499267578125 0.08024537037037037
9 0.482177734375 0.9398148148148148 0.0577783203125 0.120375
9 0.416259765625 0.9228379629629629 0.06428955078125 0.07716203703703703
9 0.37923095703125 0.9706805555555555 0.05533935546875 0.058638888888888886
6 0.34627197265625 0.9444444444444444 0.05452392578125 0.07716203703703703
6 0.54606201171875 0.8171296296296297 0.02766845703125 0.06018518518518518