9 0.07820556640625 0.9480000000000001 0.08705322265625 0.104
9 0.1494873046875 0.9061759259259259 0.077900390625 0.09686574074074074
5 0.21753173828125 0.8511296296296297 0.064423828125 0.08555092592592592
2 0.2646337890625 0.8019351851851853 0.07357177734375 0.07748611111111112
8 0.23056396484375 0.9174537037037037 0.03367919921875 0.10712037037037037
9 0.3321728515625 0.8754212962962963 0.0379736328125 0.12276851851851853
9 0.342353515625 0.8090092592592593 0.028671875 0.0844074074074074
8 0.34333984375 0.7425972222222222 0.01138916015625 0.06086574074074074
3 0.4039794921875 0.6826527777777778 0.01977783203125 0.04702314814814815
3 0.41891845703125 0.6727175925925926 0.0170068359375 0.04348148148148148
9 0.400556640625 0.64225 0.011953125 0.03704629629629629
9 0.49508544921875 0.6545277777777778 0.0123876953125 0.03916666666666666
9 0.47768310546875 0.7021527777777778 0.01646728515625 0.05824074074074074
9 0.55134521484375 0.8052037037037038 0.02646728515625 0.10201388888888889
2 0.64010009765625 0.8880370370370371 0.08466552734375 0.12185648148148147
9 0.64044189453125 0.9456666666666668 0.062255859375 0.10866666666666666
5 0.73330078125 0.9616712962962963 0.0688720703125 0.06836111111111111
5 0.81265869140625 0.9766712962962963 0.06871337890625 0.04665277777777778
6 0.91870849609375 0.9467083333333334 0.05471435546875 0.10658333333333334
8 0.35867431640625 0.7343148148148148 0.0094921875 0.05882407407407408
8 0.3768115234375 0.7378518518518519 0.0111865234375 0.05625
8 0.36808349609375 0.7365648148148148 0.00932373046875 0.06010648148148149
9 0.41240966796875 0.6377685185185185 0.0111962890625 0.0339675925925926
8 0.2131396484375 0.7570416666666667 0.008505859375 0.06631481481481481
8 0.10915771484375 0.7683564814814815 0.01228271484375 0.04099537037037037
8 0.224853515625 0.7387685185185185 0.00891357421875 0.07218518518518519
8 0.25076171875 0.7454999999999999 0.0120849609375 0.04554629629629629
9 0.46646240234375 0.6339675925925925 0.010380859375 0.030712962962962966
9 0.457451171875 0.6314814814814815 0.00992431640625 0.03395833333333333