8 0.27608154296875 0.883037037037037 0.02937744140625 0.10800462962962963
8 0.029521484375 0.9603611111111111 0.03177734375 0.07927777777777778
9 0.452099609375 0.915212962962963 0.05576416015625 0.15105555555555555
6 0.3604248046875 0.9041018518518518 0.029150390625 0.1260601851851852
3 0.53619384765625 0.9108101851851852 0.0731201171875 0.15060185185185185
3 0.611748046875 0.7531574074074073 0.041640625 0.08535648148148148
6 0.67546142578125 0.7883472222222222 0.02651611328125 0.07978703703703705
6 0.74821044921875 0.9136111111111112 0.03726806640625 0.1290740740740741
2 0.69499267578125 0.7341851851851852 0.0558154296875 0.08966203703703703
9 0.593193359375 0.6510694444444444 0.02015625 0.07158333333333333
9 0.64509033203125 0.6536435185185184 0.0203662109375 0.05011574074074074
2 0.7062841796875 0.6527175925925925 0.03714111328125 0.05814351851851852
2 0.672470703125 0.7087453703703704 0.03439208984375 0.06646296296296296
2 0.78672119140625 0.7153796296296296 0.0447216796875 0.0794212962962963
2 0.77809326171875 0.6734027777777778 0.04055908203125 0.047643518518518516
2 0.7515673828125 0.6428425925925926 0.03527587890625 0.04086111111111111
9 0.83163818359375 0.7055046296296297 0.024873046875 0.05750925925925926
6 0.6754931640625 0.6467222222222223 0.01888671875 0.03943055555555556
9 0.3955078125 0.9131944444444444 0.06591796875 0.13657407407407407
9 0.6103515625 0.6597222222222222 0.01708984375 0.06481481481481481