9 0.10800537109375 0.9432314814814815 0.05547119140625 0.07835648148148149
9 0.05405517578125 0.9463425925925926 0.05595458984375 0.09343055555555556
3 0.13754638671875 0.9796296296296296 0.07940185546875 0.040740740740740744
8 0.22701416015625 0.9314351851851852 0.01765380859375 0.09712962962962964
8 0.38777099609375 0.8508657407407407 0.01840576171875 0.08414351851851852
8 0.40900634765625 0.9145185185185185 0.02232177734375 0.08947685185185186
9 0.38423095703125 0.9877314814814815 0.07431396484375 0.024537037037037038
8 0.44659912109375 0.9115092592592592 0.01793212890625 0.08160648148148149
5 0.45052734375 0.8390231481481482 0.0294482421875 0.06415740740740741
9 0.4880810546875 0.7805925925925925 0.02188720703125 0.048074074074074075
9 0.5078955078125 0.7752685185185185 0.0245751953125 0.05255555555555556
8 0.5297021484375 0.9180324074074074 0.02246337890625 0.07257407407407407
6 0.54357666015625 0.8840787037037037 0.021572265625 0.07875925925925926
2 0.593291015625 0.8686435185185185 0.0721630859375 0.08802314814814814
8 0.59736328125 0.9098518518518518 0.01327880859375 0.08585185185185185
9 0.60900146484375 0.8748287037037038 0.0339501953125 0.07558333333333334
9 0.63845947265625 0.8894166666666667 0.024677734375 0.08932407407407407
2 0.67052001953125 0.8384027777777778 0.0476318359375 0.07680555555555556
3 0.67747802734375 0.892037037037037 0.03208984375 0.08839814814814814
3 0.6490380859375 0.9725324074074074 0.051533203125 0.054935185185185184
9 0.755595703125 0.9771620370370371 0.0459375 0.045675925925925925
9 0.7094970703125 0.8103935185185185 0.02176025390625 0.04702314814814815
8 0.355224609375 0.8310185185185185 0.01708984375 0.07407407407407407
3 0.0164794921875 0.9826388888888888 0.032958984375 0.034722222222222224
9 0.6988525390625 0.8275462962962963 0.025634765625 0.04398148148148148
5 0.484619140625 0.8379629629629629 0.04150390625 0.06944444444444445