9 0.70849609375 0.9152777777777777 0.0537109375 0.15462962962962962
9 0.533203125 0.7625 0.0224609375 0.08055555555555556
9 0.472412109375 0.6990740740740741 0.01611328125 0.044444444444444446
9 0.435546875 0.6708333333333333 0.0166015625 0.05092592592592592
9 0.414306640625 0.6532407407407408 0.01318359375 0.03796296296296296
9 0.38916015625 0.6300925925925925 0.009765625 0.04537037037037037
9 0.40673828125 0.6337962962962963 0.0087890625 0.03796296296296296
9 0.412109375 0.888425925925926 0.0361328125 0.11203703703703703
9 0.371337890625 0.8805555555555555 0.02783203125 0.11296296296296296
6 0.586669921875 0.8675925925925926 0.03271484375 0.10925925925925926
6 0.424560546875 0.7541666666666667 0.01123046875 0.062037037037037036
2 0.369873046875 0.7222222222222222 0.03369140625 0.05
2 0.39111328125 0.774074074074074 0.0419921875 0.05
2 0.4296875 0.8416666666666667 0.064453125 0.08148148148148149
2 0.505615234375 0.9537268518518519 0.07666015625 0.0925462962962963
2 0.490966796875 0.7708796296296296 0.04833984375 0.08425925925925926
2 0.4296875 0.7056018518518518 0.037109375 0.06296296296296296
2 0.35791015625 0.689861111111111 0.0302734375 0.025925925925925925
2 0.36328125 0.6143981481481481 0.01953125 0.023148148148148147
9 0.294677734375 0.6870833333333333 0.01513671875 0.046296296296296294
9 0.32470703125 0.7185648148148148 0.0224609375 0.025925925925925925
9 0.306396484375 0.7120833333333333 0.01318359375 0.03518518518518519
9 0.300048828125 0.6491203703703703 0.01123046875 0.011111111111111112
9 0.309814453125 0.6583796296296296 0.01416015625 0.024074074074074074
9 0.31787109375 0.6421759259259259 0.0078125 0.013888888888888888
1 0.30078125 0.8676388888888888 0.1337890625 0.2537037037037037
6 0.563232421875 0.7791666666666667 0.02099609375 0.08055555555555556
8 0.611572265625 0.7856481481481481 0.01123046875 0.062037037037037036
8 0.57177734375 0.7125 0.009765625 0.05462962962962963
8 0.54931640625 0.6995370370370371 0.0078125 0.04722222222222222
8 0.5576171875 0.6939814814814815 0.009765625 0.049074074074074076
8 0.51025390625 0.6763888888888889 0.0107421875 0.05462962962962963
8 0.484619140625 0.6453703703703704 0.00732421875 0.03333333333333333
2 0.364501953125 0.6166666666666667 0.01318359375 0.02962962962962963
2 0.33740234375 0.6472222222222223 0.0224609375 0.03148148148148148
8 0.2021484375 0.8226851851851852 0.015625 0.06944444444444445
8 0.2841796875 0.6611111111111111 0.0078125 0.037037037037037035
3 0.347900390625 0.788425925925926 0.02783203125 0.06574074074074074
3 0.33935546875 0.7453703703703703 0.0224609375 0.025925925925925925