8 0.29997802734375 0.7153009259259259 0.027265625 0.13499537037037035
8 0.27946533203125 0.6497638888888889 0.01701171875 0.0843425925925926
8 0.31176513671875 0.6407175925925926 0.01754150390625 0.07711574074074073
9 0.2923828125 0.5931157407407408 0.01553955078125 0.05098148148148148
9 0.38641357421875 0.7904722222222222 0.06467529296875 0.19057407407407406
9 0.3631494140625 0.7057361111111111 0.0315869140625 0.12308333333333334
9 0.353798828125 0.6787916666666667 0.03186767578125 0.10219444444444445
9 0.3366845703125 0.6693981481481482 0.0238916015625 0.09010185185185185
9 0.3611181640625 0.6219027777777778 0.02150146484375 0.04526388888888889
9 0.34015380859375 0.6132314814814814 0.020595703125 0.028657407407407406
9 0.33277587890625 0.5873564814814815 0.0161083984375 0.04490277777777778
9 0.33644775390625 0.5756805555555555 0.01360107421875 0.041324074074074076
9 0.3180078125 0.5747083333333333 0.01225830078125 0.036819444444444446
9 0.307490234375 0.5687361111111111 0.011474609375 0.032587962962962964
8 0.25194580078125 0.5876018518518519 0.00744384765625 0.04141203703703704
8 0.3834814453125 0.6389074074074074 0.015458984375 0.05163425925925926
9 0.38031494140625 0.6163796296296297 0.0207763671875 0.06089351851851852
6 0.36845703125 0.5836666666666667 0.010830078125 0.038009259259259257
2 0.4155126953125 0.5814675925925926 0.014697265625 0.043027777777777776
9 0.431123046875 0.573412037037037 0.0133203125 0.0387037037037037
9 0.44558837890625 0.6510324074074074 0.02952880859375 0.09441666666666666
9 0.47185302734375 0.6029814814814815 0.03090087890625 0.05725925925925926
9 0.5007861328125 0.6012824074074073 0.02387939453125 0.06505092592592591
9 0.53390869140625 0.6039074074074074 0.0245654296875 0.05837037037037037
6 0.5217529296875 0.6678101851851852 0.02837158203125 0.09135648148148148
6 0.55661376953125 0.628625 0.02114990234375 0.07478703703703703
9 0.662626953125 0.6402129629629629 0.04239501953125 0.09083796296296297
9 0.7205126953125 0.6753888888888888 0.060361328125 0.11644907407407408
8 0.75688720703125 0.6456759259259259 0.01161376953125 0.08079166666666666
9 0.8124951171875 0.69625 0.05194580078125 0.12959722222222222
2 0.8666259765625 0.8996527777777777 0.26675048828125 0.20069444444444445