1 0.2781588541666667 0.5749444444444445 0.20735677083333334 0.16030092592592593
1 0.7133802083333334 0.5680000000000001 0.19368489583333334 0.14988425925925927
2 0.5564791666666667 0.6412037037037037 0.1162109375 0.08333333333333333
9 0.234375 0.7242500000000001 0.08203125 0.12094907407407407
9 0.3268229166666667 0.7181712962962963 0.07356770833333333 0.12152777777777778
9 0.2963880208333334 0.6712962962962963 0.050455729166666664 0.08912037037037036
9 0.2150078125 0.6414953703703704 0.060872395833333336 0.07118055555555555
9 0.4261067708333333 0.6851851851851852 0.07421875 0.09259259259259259
6 0.470703125 0.6782407407407407 0.055338541666666664 0.07291666666666667
9 0.4514973958333333 0.6192129629629629 0.030598958333333332 0.047453703703703706
9 0.484375 0.625 0.028645833333333332 0.05092592592592592
9 0.606609375 0.7511574074074074 0.11100260416666667 0.1550925925925926
9 0.6471354166666666 0.6626157407407407 0.029296875 0.024305555555555556
8 0.743 0.7005231481481482 0.019856770833333332 0.11747685185185185
8 0.7618802083333333 0.6935787037037038 0.0166015625 0.11631944444444445
2 0.7439765625 0.6597222222222222 0.0654296875 0.061342592592592594
8 0.3849296875 0.6958935185185186 0.015299479166666666 0.10358796296296297
8 0.4106458333333334 0.6950231481481481 0.015299479166666666 0.11226851851851852
8 0.287109375 0.8035277777777777 0.025390625 0.1556712962962963
9 0.1329765625 0.7184583333333333 0.08951822916666667 0.11053240740740741
2 0.10921354166666666 0.6495925925925925 0.050455729166666664 0.046875