6 0.06046142578125 0.9516527777777779 0.05560302734375 0.09596296296296296
6 0.1685205078125 0.8841157407407407 0.040693359375 0.08620833333333333
9 0.21195556640625 0.8612777777777777 0.03829345703125 0.11389351851851852
9 0.2391259765625 0.8933009259259259 0.0353369140625 0.0934212962962963
9 0.28728271484375 0.9073287037037037 0.05494140625 0.1132361111111111
9 0.3452490234375 0.8722083333333334 0.03285888671875 0.10700925925925925
9 0.29645751953125 0.8567731481481482 0.04154541015625 0.06923611111111112
6 0.33858642578125 0.752537037037037 0.01606689453125 0.05591666666666667
6 0.37961669921875 0.7621157407407407 0.01446044921875 0.057087962962962965
7 0.35910400390625 0.7414212962962963 0.028037109375 0.1030462962962963
8 0.40636962890625 0.7333240740740741 0.0078271484375 0.05062962962962963
9 0.45374755859375 0.7246388888888889 0.0187353515625 0.05697222222222222
6 0.41942626953125 0.8207314814814815 0.02242919921875 0.07748611111111112
2 0.49072265625 0.7268703703703704 0.03405517578125 0.0637361111111111
3 0.5263134765625 0.7944953703703703 0.02941162109375 0.08429166666666667
6 0.52599609375 0.7186064814814815 0.0122412109375 0.048962962962962965
6 0.45883544921875 0.8191712962962964 0.0182373046875 0.07349074074074075
9 0.569912109375 0.8855833333333333 0.05770751953125 0.11817592592592592
9 0.6234228515625 0.8825833333333334 0.03892333984375 0.1178287037037037
9 0.7163134765625 0.9266574074074073 0.0774365234375 0.13574537037037035
9 0.684580078125 0.9617500000000001 0.0812353515625 0.07649074074074073
9 0.80169921875 0.9499675925925926 0.0878564453125 0.10006481481481481
3 0.9027783203125 0.9518842592592593 0.1037890625 0.09623148148148149
3 0.69754150390625 0.8769583333333334 0.0535009765625 0.10006481481481481
6 0.7453076171875 0.8723981481481482 0.0410546875 0.08593055555555557
9 0.57025146484375 0.8067962962962963 0.0321435546875 0.08133796296296296
3 0.58453857421875 0.7563472222222223 0.02432373046875 0.04880555555555555
3 0.5815966796875 0.7291342592592593 0.01954833984375 0.03281481481481481
8 0.55062744140625 0.6822824074074074 0.00608642578125 0.039949074074074074
8 0.50230712890625 0.6701990740740741 0.005615234375 0.03476388888888889
9 0.4521533203125 0.6744907407407408 0.01237548828125 0.038375
2 0.5592138671875 0.6362638888888889 0.0237158203125 0.027870370370370372
2 0.5168505859375 0.6318657407407408 0.0150732421875 0.027953703703703706
2 0.47850341796875 0.629287037037037 0.02732421875 0.023564814814814813
2 0.58621826171875 0.6308888888888889 0.01801025390625 0.024564814814814817
7 0.5971533203125 0.7053935185185186 0.02452392578125 0.0636388888888889
8 0.64095947265625 0.7272685185185186 0.01053466796875 0.053347222222222226
8 0.651259765625 0.7424583333333333 0.00933837890625 0.05418518518518519
8 0.6617431640625 0.7601574074074074 0.01025390625 0.05856018518518518
8 0.68149658203125 0.7641249999999999 0.01050048828125 0.06015740740740741
8 0.41394775390625 0.732662037037037 0.00934814453125 0.043805555555555556
2 0.3654248046875 0.7234722222222223 0.0669775390625 0.043625000000000004
6 0.67531982421875 0.8515509259259259 0.03717041015625 0.07672222222222222
9 0.559951171875 0.7724675925925926 0.02198486328125 0.06382407407407407
3 0.57111572265625 0.7234722222222223 0.02187255859375 0.04190740740740741
3 0.58965087890625 0.6666111111111112 0.01400390625 0.018490740740740738
9 0.56838134765625 0.6500416666666666 0.02041748046875 0.03599074074074074
0 0.53647705078125 0.6497777777777778 0.0117138671875 0.026555555555555554
9 0.4544384765625 0.636912037037037 0.0120751953125 0.030041666666666668
8 0.42253662109375 0.7334074074074074 0.00746826171875 0.04572222222222223
5 0.6468603515625 0.829875 0.0330859375 0.05756481481481482
5 0.62277587890625 0.7973240740740741 0.02949951171875 0.05520833333333333
9 0.62089599609375 0.7435462962962963 0.03125 0.056435185185185185
9 0.5666748046875 0.7093333333333334 0.015625 0.0455
9 0.579228515625 0.6834074074074075 0.01115966796875 0.03844907407407407
8 0.5561181640625 0.6819953703703703 0.006044921875 0.03597685185185185
9 0.2105419921875 0.9526527777777778 0.07941162109375 0.09469444444444444
9 0.2995458984375 0.8001990740740741 0.04152587890625 0.08370370370370371