9 0.5685234375 0.6252916666666667 0.021809895833333332 0.07696759259259259
9 0.3753255208333333 0.6027222222222223 0.022135416666666668 0.05381944444444445
9 0.2807630208333334 0.6516203703703703 0.029622395833333332 0.06018518518518518
9 0.3616536458333333 0.6721666666666667 0.08333333333333333 0.0943287037037037
9 0.3359375 0.5685787037037038 0.007161458333333333 0.028356481481481483
9 0.3603515625 0.5642361111111112 0.009765625 0.03125
9 0.3720703125 0.5726296296296297 0.009765625 0.013310185185185185
9 0.20947395833333332 0.8761574074074074 0.15071614583333334 0.2037037037037037
9 0.6931979166666667 0.640625 0.06477864583333333 0.09027777777777778
9 0.7805989583333334 0.620662037037037 0.052734375 0.07465277777777778
9 0.7786458333333334 0.7621527777777778 0.125 0.20601851851851852
3 0.98046875 0.6979166666666666 0.0390625 0.125
6 0.8706041666666666 0.6652222222222223 0.058919270833333336 0.07118055555555555
8 0.9125989583333334 0.5963564814814816 0.007486979166666667 0.046875
8 0.8930677083333334 0.5940416666666667 0.008138020833333334 0.050347222222222224
8 0.9046223958333334 0.5957777777777779 0.006510416666666667 0.06076388888888889
0 0.5100911458333334 0.671587962962963 0.041666666666666664 0.08391203703703703
6 0.3779296875 0.5619212962962963 0.005859375 0.023148148148148147
9 0.1553828125 0.6936712962962963 0.08680468749999999 0.11882870370370371