2 0.3290869140625 0.712324074074074 0.040556640625 0.07905555555555555
2 0.37405517578125 0.6000138888888888 0.0417578125 0.08488425925925926
2 0.03497802734375 0.25425462962962964 0.03470458984375 0.07496296296296295
9 0.34879150390625 0.49487962962962967 0.02176513671875 0.03945833333333334
5 0.30181640625 0.6106435185185185 0.02114501953125 0.04268518518518519
5 0.31163330078125 0.5595046296296297 0.01941162109375 0.049449074074074076
9 0.28660888671875 0.4900833333333333 0.014541015625 0.046046296296296294
9 0.3056298828125 0.4877268518518519 0.01996826171875 0.046768518518518515
9 0.28546875 0.42410185185185184 0.01887939453125 0.03783796296296296
9 0.26373291015625 0.4658888888888889 0.01698486328125 0.04755555555555555
9 0.25848876953125 0.427625 0.02266357421875 0.027666666666666666
9 0.20950927734375 0.4521759259259259 0.02318603515625 0.03247222222222222
9 0.17363037109375 0.3790694444444444 0.0229736328125 0.031564814814814816
9 0.19326171875 0.3358009259259259 0.02340576171875 0.030657407407407408
7 0.11650146484375 0.30600925925925926 0.03531005859375 0.05010648148148148
9 0.24702392578125 0.3449074074074074 0.02492919921875 0.0340462962962963
8 0.24485595703125 0.23603703703703702 0.01082275390625 0.018222222222222223
9 0.3317626953125 0.25024537037037037 0.01767333984375 0.050541666666666665
9 0.257958984375 0.18027777777777776 0.02857177734375 0.0245462962962963
9 0.152451171875 0.1562175925925926 0.02787353515625 0.03543518518518519
3 0.18371826171875 0.16504166666666667 0.0297802734375 0.042138888888888885
3 0.163076171875 0.08818055555555555 0.02921630859375 0.048601851851851854
5 0.19625244140625 0.06258333333333334 0.02170166015625 0.03112037037037037
5 0.232861328125 0.11555092592592593 0.025673828125 0.030439814814814815
6 0.27093994140625 0.129 0.0114990234375 0.04556944444444445
6 0.31978271484375 0.10650462962962963 0.00863037109375 0.042958333333333334
3 0.34470703125 0.17514351851851853 0.02465576171875 0.04576388888888889
3 0.43219970703125 0.06566666666666666 0.029228515625 0.04371759259259259
9 0.38877197265625 0.16486574074074076 0.02615478515625 0.029439814814814818
3 0.45903076171875 0.19004166666666666 0.02128173828125 0.050111111111111106
6 0.1588818359375 0.022296296296296293 0.0224267578125 0.02450462962962963
9 0.47674072265625 0.08570370370370371 0.02459716796875 0.031175925925925926
9 0.48082763671875 0.04394907407407408 0.01972900390625 0.04256018518518519
2 0.5765087890625 0.03726388888888889 0.0346142578125 0.07452777777777778
9 0.51621337890625 0.022680555555555558 0.0204345703125 0.04097222222222222
9 0.38294189453125 0.4326157407407408 0.01804931640625 0.04505555555555555
9 0.4395751953125 0.42700925925925926 0.0122509765625 0.04741203703703704
9 0.448955078125 0.31690277777777776 0.02427978515625 0.02691203703703704
9 0.47468017578125 0.36070833333333335 0.01607177734375 0.04169907407407407
9 0.44205322265625 0.6265787037037037 0.0280029296875 0.04360185185185186
9 0.4602392578125 0.6836527777777778 0.023369140625 0.0404537037037037
9 0.49539306640625 0.7010138888888889 0.0263037109375 0.03351388888888889
8 0.439384765625 0.5708703703703704 0.00717529296875 0.01500925925925926
9 0.66190673828125 0.1433888888888889 0.02030029296875 0.0424212962962963
6 0.6006201171875 0.1101388888888889 0.01319580078125 0.03605092592592593
9 0.6290380859375 0.10299074074074074 0.02322998046875 0.030050925925925925
3 0.65302001953125 0.9241759259259259 0.0253173828125 0.051583333333333335
9 0.57221435546875 0.8272037037037037 0.0245703125 0.03727777777777778
9 0.558525390625 0.8789351851851852 0.020908203125 0.02774537037037037
9 0.53096435546875 0.8604722222222222 0.0223828125 0.022791666666666665
9 0.50519287109375 0.8527407407407408 0.021240234375 0.029537037037037035
9 0.480009765625 0.8202962962962963 0.021171875 0.03341203703703704
9 0.45366943359375 0.8174861111111111 0.02404052734375 0.022851851851851852
7 0.46451416015625 0.9262824074074074 0.02640380859375 0.04525
7 0.40453125 0.9207777777777778 0.02762939453125 0.04971759259259259
2 0.3180908203125 0.974037037037037 0.04431884765625 0.051930555555555556
5 0.35165283203125 0.9431342592592593 0.01820556640625 0.03997222222222222
5 0.56637939453125 0.9405138888888889 0.0185693359375 0.03360185185185185
5 0.52352783203125 0.9402222222222223 0.022900390625 0.03777777777777778
9 0.612236328125 0.8805879629629629 0.0213720703125 0.035638888888888894
9 0.67830322265625 0.9412546296296296 0.0158935546875 0.03534259259259259
8 0.246552734375 0.25345370370370374 0.0084130859375 0.015953703703703703
8 0.20231689453125 0.37850925925925927 0.00949951171875 0.013893518518518519
6 0.57959228515625 0.8969814814814815 0.01366455078125 0.028449074074074075
5 0.5161669921875 0.8937407407407407 0.01752685546875 0.03267592592592593
5 0.4924755859375 0.9255694444444444 0.01916015625 0.03380092592592593
9 0.60915283203125 0.7557222222222222 0.0202001953125 0.028731481481481483
9 0.652373046875 0.7597222222222222 0.01977783203125 0.03848611111111111
9 0.6621044921875 0.8686712962962962 0.02450927734375 0.03323611111111111
6 0.65452880859375 0.8858564814814816 0.01470458984375 0.027041666666666665
8 0.7296142578125 0.8421944444444445 0.00861572265625 0.019152777777777776
8 0.7429833984375 0.8369861111111112 0.0095068359375 0.01549074074074074
8 0.7228564453125 0.9413425925925926 0.00757568359375 0.016898148148148148
8 0.44843505859375 0.5713703703703704 0.00475341796875 0.009856481481481482
8 0.4501416015625 0.5843240740740742 0.00519775390625 0.01211111111111111
8 0.4554150390625 0.5905231481481481 0.0059423828125 0.008166666666666668
8 0.46603515625 0.5682731481481481 0.00549560546875 0.009856481481481482
8 0.47004638671875 0.5865787037037037 0.00401123046875 0.010421296296296297
8 0.48943115234375 0.5343287037037038 0.00564453125 0.009578703703703704
8 0.5013134765625 0.5120787037037037 0.00505126953125 0.014083333333333335
8 0.5341650390625 0.4486111111111111 0.002763671875 0.013782407407407406
8 0.51524658203125 0.43213425925925925 0.0067919921875 0.012282407407407409
8 0.495380859375 0.42434722222222226 0.00592529296875 0.011083333333333334
8 0.491748046875 0.4335601851851852 0.0049755859375 0.009138888888888887
9 0.41734619140625 0.4043888888888889 0.01322509765625 0.04792592592592593
3 0.122900390625 0.06182407407407407 0.0321826171875 0.03659722222222222
3 0.0960546875 0.025171296296296296 0.03075439453125 0.04281481481481482
5 0.20135009765625 0.09619907407407408 0.02640380859375 0.03410185185185185
9 0.20413330078125 0.1489074074074074 0.0292919921875 0.032949074074074075
6 0.24964111328125 0.14670833333333333 0.02267333984375 0.01349537037037037
6 0.29425048828125 0.10233333333333333 0.00891357421875 0.03958333333333333
3 0.31412353515625 0.15667592592592594 0.02952392578125 0.033546296296296296
3 0.36391845703125 0.12355092592592593 0.02642578125 0.05005092592592592
9 0.43504638671875 0.1673564814814815 0.02243408203125 0.03503240740740741
9 0.407392578125 0.11912962962962963 0.02601806640625 0.03963888888888889
6 0.412236328125 0.14325925925925925 0.0172119140625 0.02353703703703704
8 0.36656005859375 0.09053703703703704 0.0062890625 0.01600462962962963
8 0.37135986328125 0.07625925925925926 0.00827392578125 0.016319444444444445
3 0.3980078125 0.07154629629629629 0.02679931640625 0.04459722222222222
8 0.4689990234375 0.10293055555555557 0.0109228515625 0.014435185185185185
8 0.68290771484375 0.19403703703703704 0.00994873046875 0.01735185185185185
9 0.704111328125 0.25233796296296296 0.01163818359375 0.04965740740740741
8 0.066689453125 0.25569907407407405 0.0114794921875 0.01622685185185185
9 0.36064208984375 0.5476064814814815 0.01720703125 0.0385
8 0.38656494140625 0.745875 0.00825927734375 0.01740277777777778
8 0.3859912109375 0.7675185185185185 0.00596435546875 0.013703703703703704
8 0.3720556640625 0.8551805555555556 0.0060791015625 0.021532407407407406
8 0.3659765625 0.8572453703703704 0.005849609375 0.020013888888888887
8 0.3526123046875 0.8307083333333333 0.00596435546875 0.016967592592592593
9 0.39040771484375 0.8770416666666667 0.0186962890625 0.03697685185185185
9 0.411572265625 0.8605092592592593 0.02064697265625 0.03480555555555556
9 0.425166015625 0.8307083333333333 0.0251220703125 0.03480555555555556
9 0.44019287109375 0.8473518518518518 0.022138671875 0.030671296296296297
6 0.62476318359375 0.9690601851851852 0.01847412109375 0.02266666666666667
6 0.074501953125 0.09913425925925926 0.0204833984375 0.030208333333333334
8 0.4406884765625 0.7108101851851851 0.0070458984375 0.015055555555555556
8 0.42262451171875 0.6951898148148148 0.01081787109375 0.021078703703703704
9 0.36463623046875 0.8955 0.0233251953125 0.032435185185185185
9 0.347763671875 0.8850324074074074 0.01943603515625 0.03980555555555556
6 0.453544921875 0.8705185185185185 0.00863037109375 0.02900462962962963
8 0.5101123046875 0.5047407407407407 0.008642578125 0.019069444444444444