8 0.49963623046875 0.8785370370370371 0.031328125 0.12991203703703705
6 0.6639501953125 0.8302453703703704 0.02822021484375 0.11041666666666666
9 0.66579833984375 0.7515046296296296 0.02777587890625 0.045606481481481484
8 0.73814453125 0.7709722222222222 0.02603271484375 0.09168055555555556
8 0.68892578125 0.7450555555555555 0.01935302734375 0.07516203703703704
8 0.56836669921875 0.6953518518518519 0.01042236328125 0.042069444444444444
9 0.60137451171875 0.7019537037037037 0.0272119140625 0.0612962962962963
9 0.63175537109375 0.7217314814814815 0.0203662109375 0.06571296296296296
9 0.783291015625 0.7190462962962964 0.0527685546875 0.07260185185185185
3 0.756044921875 0.7036018518518519 0.0308056640625 0.05894907407407407
9 0.74302978515625 0.7105416666666666 0.02843017578125 0.06289351851851852
9 0.6208203125 0.6650370370370371 0.021865234375 0.044444444444444446
8 0.834287109375 0.6542870370370371 0.00790283203125 0.04365277777777778
9 0.69568115234375 0.7317037037037037 0.03036865234375 0.07497685185185185
9 0.71777099609375 0.7190601851851852 0.0316796875 0.06865277777777777
3 0.65119873046875 0.6963611111111112 0.031201171875 0.05849074074074074
9 0.62773681640625 0.672425925925926 0.021435546875 0.04765277777777778
9 0.79315673828125 0.7112685185185185 0.05049560546875 0.07249074074074074
9 0.764814453125 0.6815694444444444 0.02762939453125 0.04381018518518518
0 0.589091796875 0.71375 0.01869873046875 0.054425925925925926
3 0.89986572265625 0.6470185185185185 0.02215087890625 0.040199074074074075