2 0.0334228515625 0.254 0.03689208984375 0.07040277777777777
9 0.05779296875 0.11891203703703705 0.0260400390625 0.03702777777777778
7 0.1181201171875 0.3129768518518518 0.04273681640625 0.05672222222222222
9 0.16432373046875 0.3363425925925926 0.02623291015625 0.033351851851851855
9 0.2635009765625 0.4690324074074074 0.01900390625 0.051027777777777776
9 0.32843994140625 0.47149537037037037 0.01560302734375 0.046407407407407404
5 0.31019775390625 0.5698935185185185 0.0198046875 0.03597685185185185
2 0.38311767578125 0.5619953703703704 0.04284423828125 0.08908333333333333
9 0.41108642578125 0.46400462962962963 0.0200146484375 0.03615277777777778
3 0.13110595703125 0.06994444444444445 0.031044921875 0.039685185185185184
3 0.1950537109375 0.19000925925925927 0.02615234375 0.04780092592592593
5 0.20075927734375 0.10174074074074074 0.02599853515625 0.03141666666666667
5 0.236328125 0.11875925925925924 0.019873046875 0.032231481481481486
6 0.22707275390625 0.1476851851851852 0.02067626953125 0.02240277777777778
3 0.2783642578125 0.1729675925925926 0.0298193359375 0.03287037037037037
3 0.34468505859375 0.18308796296296298 0.02669189453125 0.04743981481481482
3 0.3977880859375 0.0777824074074074 0.02615234375 0.04574074074074074
6 0.31963623046875 0.11274074074074074 0.01054931640625 0.040671296296296296
6 0.27024658203125 0.13444907407407408 0.0128271484375 0.043097222222222224
1 0.36104736328125 0.2574722222222222 0.10688232421875 0.07202314814814814
9 0.41283447265625 0.18538888888888888 0.02364501953125 0.0387037037037037
9 0.40588134765625 0.1269537037037037 0.02625 0.037189814814814814
9 0.3858935546875 0.17025462962962962 0.0226220703125 0.02875462962962963
9 0.44849365234375 0.09220833333333332 0.0195751953125 0.025546296296296296
2 0.4862255859375 0.2592222222222222 0.03924072265625 0.09848148148148148
3 0.50762939453125 0.7135694444444444 0.0228271484375 0.059898148148148145
3 0.56203369140625 0.7662222222222222 0.02695556640625 0.03350925925925926
2 0.31462890625 0.9766527777777778 0.0446142578125 0.04668981481481481
7 0.40109619140625 0.9248425925925926 0.027666015625 0.050898148148148144
7 0.46097900390625 0.9326666666666666 0.0294091796875 0.04034259259259259
5 0.55872802734375 0.9471296296296297 0.0293408203125 0.037731481481481484
5 0.5217529296875 0.9462268518518518 0.0256103515625 0.03819444444444445
9 0.4516064453125 0.8263333333333334 0.02145263671875 0.02304166666666667
2 0.46378662109375 0.6549490740740741 0.04498291015625 0.07464351851851851
3 0.31353759765625 0.1634861111111111 0.02958984375 0.033305555555555554
3 0.4289990234375 0.07291666666666667 0.02700927734375 0.04240740740740741
9 0.47869140625 0.05212962962962963 0.02203857421875 0.038273148148148146
9 0.5264794921875 0.04531018518518519 0.01971923828125 0.04135185185185185
9 0.50084716796875 0.09897685185185184 0.019951171875 0.04399074074074074
8 0.46546875 0.027273148148148147 0.00579833984375 0.014958333333333334
6 0.4386767578125 0.029032407407407406 0.01670166015625 0.02199537037037037
6 0.29369384765625 0.11010185185185185 0.0098974609375 0.038453703703703705
3 0.09603759765625 0.0281712962962963 0.03304443359375 0.04842592592592592
9 0.04511962890625 0.14604629629629629 0.02574951171875 0.031671296296296295
9 0.01218017578125 0.15176851851851852 0.02389404296875 0.04662962962962963
9 0.08089599609375 0.24643518518518517 0.019990234375 0.03790277777777778
9 0.3392724609375 0.5707777777777778 0.01693359375 0.046189814814814815
9 0.37975341796875 0.6385231481481481 0.021806640625 0.023314814814814816
5 0.30030029296875 0.6171851851851852 0.01971923828125 0.036953703703703704
9 0.28556884765625 0.4920324074074074 0.01762939453125 0.049708333333333334
9 0.23499755859375 0.4293472222222222 0.02087890625 0.029032407407407406
9 0.173984375 0.38513425925925926 0.0264453125 0.03563425925925926
9 0.20089599609375 0.15220833333333333 0.0222705078125 0.03079166666666667
9 0.0590380859375 0.1858611111111111 0.02435791015625 0.031231481481481478
8 0.07759765625 0.22083333333333333 0.0136865234375 0.016717592592592593
8 0.06623046875 0.21511111111111111 0.010439453125 0.015837962962962963
3 0.36260498046875 0.12838888888888889 0.0275732421875 0.04755555555555555
6 0.24903076171875 0.15308796296296298 0.02157470703125 0.017597222222222222
5 0.19509521484375 0.06774537037037037 0.0231982421875 0.03255092592592593
8 0.175029296875 0.15836574074074075 0.0127587890625 0.018476851851851852
9 0.45990234375 0.24326851851851852 0.0155419921875 0.04047222222222222
9 0.6315673828125 0.10601851851851851 0.02203857421875 0.026393518518518518
5 0.65453369140625 0.10205555555555555 0.02853271484375 0.03079166666666667
9 0.66972900390625 0.13175 0.023662109375 0.027712962962962964
8 0.68376220703125 0.24172685185185186 0.00951171875 0.019796296296296294
8 0.6855029296875 0.2263287037037037 0.00788818359375 0.011879629629629629
8 0.53715087890625 0.2261111111111111 0.00579833984375 0.013199074074074075
8 0.50734130859375 0.4020740740740741 0.00603271484375 0.012319444444444444
8 0.5085009765625 0.41175 0.00556640625 0.014078703703703704
8 0.511865234375 0.4577222222222222 0.00487060546875 0.01099537037037037
8 0.51314208984375 0.4685 0.00556640625 0.012319444444444444
8 0.44853515625 0.5507592592592593 0.00951171875 0.017597222222222222
8 0.4632666015625 0.5756157407407407 0.00696044921875 0.011879629629629629
8 0.50444091796875 0.5146898148148148 0.00951171875 0.012319444444444444
8 0.51221435546875 0.5131481481481482 0.00603271484375 0.01099537037037037
8 0.510009765625 0.524587962962963 0.0062646484375 0.010115740740740741
9 0.68527099609375 0.506550925925926 0.01299072265625 0.04706944444444445
8 0.49504638671875 0.6416018518518518 0.00696044921875 0.014518518518518517
8 0.4611767578125 0.5888101851851851 0.00649658203125 0.015398148148148147
8 0.46813720703125 0.5855138888888889 0.00603271484375 0.016717592592592593
6 0.56174072265625 0.7282592592592593 0.01879150390625 0.022435185185185186
6 0.53958740234375 0.7300231481481481 0.019951171875 0.018916666666666665
9 0.42951171875 0.6770138888888888 0.02064697265625 0.03607407407407408
9 0.489130859375 0.7265 0.017861328125 0.03915277777777777
9 0.51789794921875 0.7528981481481481 0.02203857421875 0.038273148148148146
9 0.64885009765625 0.7693935185185186 0.0190234375 0.04047222222222222
9 0.6334228515625 0.8509953703703704 0.02296630859375 0.03387037037037037
8 0.6699609375 0.7797314814814815 0.00835205078125 0.01715740740740741
8 0.71693603515625 0.8166805555555555 0.0090478515625 0.016277777777777776
8 0.73213134765625 0.8177824074074075 0.00742431640625 0.016717592592592593
8 0.73723388671875 0.8452777777777778 0.00649658203125 0.01803703703703704
8 0.71879150390625 0.8525324074074074 0.0081201171875 0.016717592592592593
9 0.47486572265625 0.8248194444444444 0.022734375 0.025513888888888888
9 0.52624755859375 0.8644120370370371 0.01925537109375 0.031671296296296295
9 0.552578125 0.8864074074074074 0.0222705078125 0.025513888888888888
9 0.50119384765625 0.8580324074074074 0.02064697265625 0.027712962962962964
9 0.424873046875 0.8358194444444444 0.02018310546875 0.029912037037037036
9 0.409794921875 0.8666111111111111 0.01971923828125 0.03607407407407408
9 0.3892626953125 0.8789305555555555 0.019951171875 0.036953703703703704
9 0.328251953125 0.8811296296296296 0.01623779296875 0.03607407407407408
9 0.324658203125 0.9380972222222222 0.01971923828125 0.036513888888888894
9 0.291484375 0.9671296296296297 0.016005859375 0.040032407407407405
5 0.489130859375 0.9262175925925926 0.02203857421875 0.030351851851851852
5 0.51256103515625 0.9007037037037037 0.01879150390625 0.027712962962962964
5 0.34843505859375 0.9495324074074073 0.01762939453125 0.03915277777777777
6 0.5753125 0.9026851851851851 0.01391845703125 0.029032407407407406
6 0.59827880859375 0.9477731481481482 0.01113525390625 0.03387037037037037
6 0.6211279296875 0.9783472222222223 0.01925537109375 0.02111574074074074
6 0.59920654296875 0.9752685185185185 0.01762939453125 0.02023611111111111
9 0.52404541015625 0.8019444444444445 0.0222705078125 0.025513888888888888
9 0.20878173828125 0.46057870370370374 0.0231982421875 0.03607407407407408
8 0.3498046875 0.8841759259259259 0.0076220703125 0.017263888888888888
8 0.35827392578125 0.8759444444444444 0.0076220703125 0.01325
8 0.36303955078125 0.8609861111111111 0.00487060546875 0.013050925925925926
8 0.36806640625 0.8552638888888888 0.00709228515625 0.015259259259259259
9 0.36097412109375 0.9008379629629629 0.021279296875 0.02690277777777778
9 0.438056640625 0.8554722222222222 0.0203076171875 0.018907407407407407