8 0.267333984375 0.8987268518518519 0.018310546875 0.11689814814814815
8 0.33660888671875 0.8414351851851852 0.0128173828125 0.09722222222222222
8 0.43853759765625 0.8009259259259259 0.0152587890625 0.0625
8 0.5120849609375 0.7366898148148148 0.00732421875 0.06365740740740741
8 0.52093505859375 0.7453703703703703 0.0128173828125 0.05324074074074074
8 0.54534912109375 0.7285879629629629 0.0079345703125 0.06597222222222222
8 0.560302734375 0.7199074074074074 0.009765625 0.04861111111111111
8 0.576171875 0.7523148148148148 0.013427734375 0.05555555555555555
8 0.203857421875 0.9369212962962963 0.020751953125 0.11458333333333333
8 0.24444580078125 0.8929398148148148 0.0189208984375 0.11921296296296297
8 0.6243896484375 0.6875 0.0048828125 0.04861111111111111
8 0.63201904296875 0.6875 0.0054931640625 0.0625
9 0.68827392578125 0.7098749999999999 0.020751953125 0.06018518518518518
9 0.655517578125 0.6828703703703703 0.01383544921875 0.05092592592592592
9 0.70841552734375 0.6697546296296296 0.01383544921875 0.047837962962962964
9 0.6036376953125 0.6774675925925926 0.00773193359375 0.047837962962962964
9 0.6207275390625 0.6797824074074074 0.01424072265625 0.05092592592592592
9 0.51798583984375 0.8466203703703704 0.03662109375 0.10065277777777777
9 0.79427001953125 0.8267314814814815 0.02522705078125 0.10185185185185185
9 0.8197021484375 0.7592592592592593 0.02238037109375 0.06790277777777777
9 0.67219970703125 0.6967592592592593 0.01383544921875 0.046296296296296294
9 0.72550537109375 0.6601064814814814 0.01139404296875 0.020833333333333332
2 0.69803955078125 0.9008472222222222 0.079345703125 0.1334861111111111
2 0.7342529296875 0.6940601851851852 0.02644775390625 0.05941203703703704
2 0.755615234375 0.6801712962962964 0.02685546875 0.04089351851851852
3 0.79813720703125 0.7226064814814814 0.02156494140625 0.06712962962962964
8 0.69498779296875 0.6358009259259259 0.0048828125 0.030865740740740742
8 0.71248291015625 0.6342592592592593 0.0048828125 0.032407407407407406
8 0.704345703125 0.6319444444444444 0.0048828125 0.023148148148148147
8 0.67586181640625 0.6439027777777777 0.0048828125 0.02700462962962963
0 0.64860107421875 0.7253101851851852 0.01057861328125 0.047837962962962964
9 0.41218994140625 0.9228379629629629 0.05126953125 0.11419907407407406
9 0.40364501953125 0.9637361111111111 0.06510498046875 0.0725324074074074
9 0.47892333984375 0.9459861111111111 0.03336669921875 0.10802314814814816