2 0.05979947916666666 0.4272546296296296 0.1045703125 0.19709722222222223
2 0.17136197916666665 0.40330555555555553 0.07970833333333333 0.1370787037037037
2 0.262046875 0.39234259259259263 0.08973177083333334 0.14099074074074075
2 0.35415885416666665 0.36824537037037036 0.08424739583333334 0.1494675925925926
2 0.48118229166666665 0.3098240740740741 0.09726041666666667 0.18446296296296297
2 0.5519947916666667 0.3240648148148148 0.09290625 0.11343055555555555
8 0.5840052083333334 0.5778055555555556 0.04242447916666667 0.16024537037037037
8 0.4824427083333333 0.5552638888888889 0.04658854166666667 0.20094444444444445
8 0.1938671875 0.7509074074074075 0.08786718750000001 0.1368564814814815
8 0.103484375 0.7976342592592593 0.06449739583333333 0.15083333333333335
8 0.7608776041666666 0.41698148148148145 0.032463541666666665 0.11637037037037037
8 0.5705130208333333 0.45311111111111113 0.0390703125 0.13675
8 0.2710026041666667 0.520212962962963 0.05027864583333333 0.13980092592592594
6 0.7577786458333333 0.35985648148148147 0.05098958333333334 0.0841574074074074
6 0.8110520833333333 0.3520509259259259 0.050166666666666665 0.08495833333333333
6 0.7280963541666666 0.34035648148148145 0.052348958333333334 0.06818055555555556
2 0.7315781250000001 0.26969907407407406 0.10812239583333333 0.0689212962962963
8 0.7376223958333333 0.21700462962962963 0.0108984375 0.038287037037037036
9 0.549125 0.23781944444444447 0.051432291666666664 0.06714814814814815
9 0.6780260416666667 0.22907407407407407 0.05107552083333333 0.062310185185185184
2 0.6032526041666666 0.19266666666666668 0.06815364583333333 0.04561111111111111
0 0.43786718750000003 0.44251388888888893 0.0529140625 0.1269074074074074
9 0.6975729166666667 0.20575000000000002 0.04255208333333334 0.06062499999999999
0 0.6583411458333334 0.19180092592592593 0.025651041666666666 0.04775
5 0.7879557291666667 0.17495833333333335 0.029906250000000002 0.025777777777777778
9 0.729140625 0.16255555555555556 0.028273437499999998 0.040921296296296296
9 0.8497578125 0.21249537037037036 0.03788020833333334 0.05509722222222223
6 0.8611770833333333 0.33928703703703705 0.04621614583333333 0.06508796296296296