3 0.096953125 0.021652777777777778 0.03197998046875 0.04331018518518518
3 0.1640966796875 0.08568055555555555 0.0277490234375 0.045361111111111116
6 0.17407958984375 0.05338425925925926 0.0166748046875 0.03402314814814814
5 0.1972998046875 0.05889351851851852 0.02189453125 0.031587962962962964
9 0.20491943359375 0.1459953703703704 0.02758544921875 0.030712962962962966
9 0.2021484375 0.17837962962962964 0.02680419921875 0.03377314814814815
3 0.23787109375 0.17555555555555555 0.02472412109375 0.03274074074074074
6 0.25070556640625 0.1432361111111111 0.02412109375 0.01750462962962963
6 0.271572265625 0.12423148148148147 0.01103515625 0.042069444444444444
6 0.32069091796875 0.10479166666666666 0.00961181640625 0.0424212962962963
3 0.3462255859375 0.17269907407407406 0.0257861328125 0.04627314814814815
3 0.36478515625 0.11838888888888889 0.0274267578125 0.047328703703703706
3 0.3990576171875 0.06951388888888889 0.0235009765625 0.04669444444444444
9 0.40898681640625 0.11669907407407407 0.02678466796875 0.03968055555555555
9 0.3893603515625 0.16055555555555556 0.02512451171875 0.03159722222222222
6 0.41356201171875 0.14104166666666665 0.01843994140625 0.027212962962962963
9 0.45202392578125 0.08390740740740742 0.02089111328125 0.037203703703703704
9 0.4858349609375 0.034180555555555554 0.01823974609375 0.04033333333333333
9 0.4971875 0.05875925925925926 0.0212255859375 0.041032407407407406
9 0.47499267578125 0.16800925925925925 0.013232421875 0.04826851851851852
9 0.45690185546875 0.22156944444444443 0.01301513671875 0.049624999999999996
9 0.43523193359375 0.26086111111111115 0.018583984375 0.04467129629629629
9 0.41493896484375 0.3408888888888889 0.01740234375 0.04725925925925926
9 0.42870361328125 0.370037037037037 0.010947265625 0.02812962962962963
9 0.338974609375 0.32483796296296297 0.0139404296875 0.049680555555555554
0 0.29282470703125 0.2758379629629629 0.02210205078125 0.020287037037037037
5 0.2583740234375 0.3038101851851852 0.0229345703125 0.03028703703703704
8 0.21785888671875 0.2935231481481481 0.01084716796875 0.013476851851851851
9 0.15067138671875 0.24261111111111108 0.02686279296875 0.03550462962962963
9 0.08158447265625 0.2336388888888889 0.0226220703125 0.04558333333333333
2 0.0356103515625 0.24578703703703703 0.0356591796875 0.07388888888888889
9 0.17528076171875 0.3772175925925926 0.0322509765625 0.045564814814814815
9 0.23414794921875 0.3697916666666667 0.02139892578125 0.029962962962962962
9 0.26470458984375 0.3622962962962963 0.02246337890625 0.039453703703703706
9 0.21352783203125 0.4630324074074074 0.05015869140625 0.059125
9 0.27852294921875 0.42555092592592597 0.02656005859375 0.03706944444444444
9 0.2884033203125 0.48460185185185184 0.01577880859375 0.048643518518518516
9 0.33330810546875 0.6523240740740741 0.02484619140625 0.03563425925925926
5 0.3031103515625 0.6052685185185186 0.020166015625 0.045939814814814815
5 0.313115234375 0.5613657407407407 0.01949951171875 0.03704166666666667
9 0.37677490234375 0.6133657407407407 0.0234716796875 0.0349537037037037
8 0.45287109375 0.6043564814814815 0.00658935546875 0.013675925925925925
2 0.40130126953125 0.5238379629629629 0.036298828125 0.0816111111111111
3 0.40402099609375 0.4130324074074074 0.02236083984375 0.07544907407407407
2 0.46083984375 0.3665509259259259 0.035703125 0.08568055555555555
9 0.43747314453125 0.45230555555555557 0.011533203125 0.038300925925925926
3 0.5727880859375 0.7919722222222223 0.02617919921875 0.04794907407407407
6 0.5699755859375 0.7526527777777778 0.01751953125 0.02665277777777778
9 0.51441162109375 0.7663842592592593 0.0215185546875 0.037662037037037036
9 0.65324951171875 0.7587592592592592 0.01844482421875 0.03877777777777778
2 0.699541015625 0.28535185185185186 0.02523193359375 0.09324537037037037
9 0.625224609375 0.13129166666666667 0.0267138671875 0.025449074074074072
9 0.559072265625 0.8773564814814815 0.02030517578125 0.028546296296296295
9 0.5303466796875 0.8560925925925926 0.02013916015625 0.03403703703703703
9 0.50565673828125 0.8444907407407407 0.02254150390625 0.03937962962962963
9 0.48024658203125 0.8172083333333333 0.02033447265625 0.02863425925925926
9 0.45637451171875 0.8175416666666667 0.02032958984375 0.033171296296296296
9 0.42849365234375 0.8262638888888889 0.01720947265625 0.03851388888888889
5 0.56692138671875 0.937212962962963 0.01878662109375 0.03862500000000001
5 0.52635986328125 0.9369074074074074 0.02749267578125 0.03293055555555555
2 0.31917236328125 0.9729629629629629 0.04518310546875 0.05407407407407407
5 0.35175048828125 0.9391157407407408 0.01806396484375 0.03816666666666667
7 0.40434814453125 0.916449074074074 0.02677734375 0.052717592592592594
7 0.4653515625 0.9224490740740741 0.02350830078125 0.04482407407407407
8 0.38170654296875 0.7790833333333333 0.00889404296875 0.016726851851851854
6 0.60241943359375 0.9403333333333332 0.0114990234375 0.035319444444444445
9 0.7218701171875 0.48140277777777774 0.0111181640625 0.051666666666666666
9 0.7051708984375 0.41279166666666667 0.01337890625 0.048601851851851854
9 0.68646728515625 0.4091851851851852 0.01459716796875 0.04916666666666667
2 0.87004638671875 0.34635648148148146 0.03920166015625 0.06555092592592593
9 0.1253564453125 0.2486759259259259 0.02353759765625 0.03573148148148148
7 0.11568359375 0.3013564814814815 0.03337158203125 0.05068981481481481
9 0.264716796875 0.4628611111111111 0.0181494140625 0.046907407407407405
9 0.41704833984375 0.5900787037037036 0.01936767578125 0.031564814814814816
7 0.21427490234375 0.27846296296296297 0.00934326171875 0.012703703703703705
3 0.31470703125 0.15326851851851853 0.02976806640625 0.035041666666666665
9 0.65023193359375 0.11215277777777778 0.01991943359375 0.0330925925925926
5 0.6595751953125 0.09125925925925926 0.02732421875 0.030754629629629632
8 0.63128173828125 0.24937962962962962 0.0081103515625 0.014708333333333334
8 0.534853515625 0.44477314814814817 0.00705078125 0.01237037037037037
8 0.5197802734375 0.43257407407407406 0.0072265625 0.010027777777777778
8 0.4960693359375 0.42271296296296296 0.00669921875 0.010361111111111111
8 0.49307373046875 0.4324074074074074 0.00599365234375 0.008356481481481482
8 0.49157470703125 0.4726898148148148 0.00581787109375 0.010699074074074074
8 0.5024169921875 0.5007685185185186 0.00458251953125 0.010027777777777778
8 0.51158203125 0.5014351851851852 0.00916748046875 0.016046296296296295
8 0.46001953125 0.6313101851851852 0.0065234375 0.011699074074074074
8 0.4196484375 0.6229537037037036 0.00581787109375 0.01237037037037037
9 0.48901123046875 0.7273379629629629 0.022802734375 0.03886574074074074
9 0.540537109375 0.7776527777777777 0.02475830078125 0.02388425925925926
6 0.54183837890625 0.7161527777777779 0.01722900390625 0.021138888888888888
8 0.36231201171875 0.8156759259259259 0.0062255859375 0.01262962962962963
8 0.3501513671875 0.8359907407407408 0.00941162109375 0.014824074074074076
8 0.36072021484375 0.8399722222222222 0.008251953125 0.016745370370370372
8 0.3522509765625 0.8502685185185185 0.007529296875 0.01976851851851852
9 0.26682861328125 0.9493796296296295 0.02142822265625 0.03788888888888889
9 0.3284326171875 0.9282407407407407 0.02215087890625 0.03459259259259259
9 0.36520751953125 0.8903518518518518 0.0235986328125 0.03294444444444444
6 0.54401123046875 0.8261064814814816 0.01809814453125 0.026907407407407408
6 0.5794091796875 0.8951574074074073 0.014189453125 0.028277777777777777
5 0.492685546875 0.9246712962962963 0.02055908203125 0.03843518518518518
5 0.5152001953125 0.891175925925926 0.019833984375 0.028550925925925928
9 0.44157958984375 0.8466990740740741 0.0193994140625 0.02635648148148148
8 0.65875 0.8057916666666667 0.0083984375 0.01262962962962963
8 0.7279541015625 0.8443657407407407 0.0069482421875 0.01510185185185185
8 0.7420703125 0.8292638888888889 0.0073828125 0.02059259259259259
8 0.76089111328125 0.8593287037037037 0.00680419921875 0.01647222222222222
9 0.470029296875 0.2221064814814815 0.0128857421875 0.04722222222222222
3 0.43262939453125 0.0625324074074074 0.02923828125 0.04729166666666667
6 0.29509521484375 0.09854166666666667 0.00947265625 0.04145370370370371
9 0.26190673828125 0.17680555555555555 0.02519287109375 0.026907407407407408
5 0.20498779296875 0.09543055555555556 0.0213623046875 0.035250000000000004
5 0.238076171875 0.10972685185185185 0.01982666015625 0.030337962962962962
8 0.2265087890625 0.04736111111111111 0.0102783203125 0.016199074074074074
8 0.1998681640625 0.01962962962962963 0.00941162109375 0.017296296296296296
3 0.1359521484375 0.06337962962962963 0.03020263671875 0.04013425925925926
8 0.6698974609375 0.6933657407407408 0.007529296875 0.016745370370370372