2 0.0946044921875 0.8807870370370371 0.189208984375 0.11805555555555555
2 0.35400390625 0.8402777777777778 0.19287109375 0.11574074074074074
2 0.54931640625 0.8043981481481481 0.1513671875 0.12268518518518519
8 0.6182861328125 0.6828703703703703 0.015869140625 0.05092592592592592
8 0.3662109375 0.75 0.01708984375 0.06944444444444445
8 0.360107421875 0.7488425925925926 0.0146484375 0.0625
3 0.2069091796875 0.8206018518518519 0.113525390625 0.12731481481481483
3 0.4254150390625 0.7870370370370371 0.086669921875 0.1111111111111111
3 0.5511474609375 0.7384259259259259 0.076904296875 0.06481481481481481
9 0.3387451171875 0.7546296296296297 0.064697265625 0.05555555555555555
9 0.7147216796875 0.7476851851851852 0.072021484375 0.11574074074074074
9 0.6427001953125 0.7430555555555556 0.072021484375 0.09722222222222222
9 0.577392578125 0.6712962962962963 0.04638671875 0.07407407407407407
9 0.777587890625 0.7048611111111112 0.06591796875 0.09953703703703703
9 0.875244140625 0.7476851851851852 0.05615234375 0.09722222222222222
9 0.9417724609375 0.7002314814814815 0.047607421875 0.10416666666666667
5 0.811767578125 0.7349537037037037 0.07568359375 0.11805555555555555
7 0.8026123046875 0.6817129629629629 0.057373046875 0.07175925925925926