2 0.05225830078125 0.9558333333333333 0.10451904296875 0.08833333333333333
2 0.16413818359375 0.8909166666666667 0.07299560546875 0.07060185185185185
4 0.06760986328125 0.8535601851851852 0.0679052734375 0.09007407407407407
2 0.41279296875 0.965699074074074 0.14169677734375 0.06194907407407407
2 0.3230126953125 0.9875925925925925 0.07467529296875 0.024810185185185185
2 0.42966796875 0.8833564814814815 0.09360595703125 0.08975925925925926
4 0.35999755859375 0.7809675925925926 0.057255859375 0.04749074074074074
4 0.41912841796875 0.7734907407407408 0.0362548828125 0.06106944444444444
3 0.36213623046875 0.8221574074074074 0.05014404296875 0.07116666666666667
3 0.45282470703125 0.8200740740740741 0.0323388671875 0.07162962962962963
9 0.4749169921875 0.8297962962962963 0.019892578125 0.04477777777777778
9 0.477724609375 0.8911527777777778 0.03136474609375 0.08878240740740741
6 0.49786376953125 0.8728611111111112 0.02282470703125 0.08461111111111111
2 0.5015234375 0.8251851851851852 0.0400830078125 0.06319444444444444
2 0.534404296875 0.8429166666666666 0.04251953125 0.04817592592592593
9 0.56765869140625 0.9553750000000001 0.0346044921875 0.08925
9 0.51904541015625 0.945375 0.0397607421875 0.0634212962962963
9 0.56975830078125 0.8839722222222223 0.03772705078125 0.05127777777777778
3 0.6214453125 0.945537037037037 0.0383935546875 0.10227777777777777
5 0.69816650390625 0.9627314814814815 0.07387939453125 0.07453703703703704
2 0.67257080078125 0.8640324074074074 0.0597900390625 0.08118981481481481
2 0.75798583984375 0.93275 0.08806640625 0.11803703703703704
9 0.2817529296875 0.793574074074074 0.02239501953125 0.06492592592592593
9 0.32720458984375 0.8461203703703704 0.01974609375 0.04162037037037037
9 0.58626708984375 0.8358240740740741 0.02724609375 0.05593055555555556
9 0.57500732421875 0.811837962962963 0.018935546875 0.06077777777777778
3 0.54455322265625 0.7569074074074075 0.019619140625 0.042208333333333334
9 0.47424560546875 0.7743425925925925 0.017001953125 0.049462962962962966
9 0.44999755859375 0.7691018518518519 0.02318359375 0.04499074074074074
9 0.50883056640625 0.7780462962962963 0.027587890625 0.042055555555555554
9 0.510947265625 0.7410138888888889 0.04614013671875 0.06906018518518518
3 0.4819775390625 0.7265046296296296 0.01944580078125 0.04621296296296296
4 0.46059326171875 0.7104490740740741 0.02611328125 0.05114814814814815
9 0.44518798828125 0.7353472222222222 0.027412109375 0.05670833333333333
2 0.49930908203125 0.6940879629629629 0.0189599609375 0.029532407407407407
2 0.451787109375 0.6778842592592592 0.02285888671875 0.0446574074074074
2 0.48425537109375 0.6526064814814815 0.019951171875 0.02571759259259259
2 0.44204833984375 0.6286666666666667 0.01629150390625 0.024541666666666666
9 0.867109375 0.9454351851851852 0.0455078125 0.09897685185185184
6 0.915390625 0.9664166666666667 0.03861083984375 0.0671712962962963
9 0.771259765625 0.8615555555555555 0.03169921875 0.06014351851851852
9 0.81161376953125 0.8745509259259259 0.044599609375 0.09814351851851852
8 0.9355126953125 0.902537037037037 0.01813232421875 0.06631944444444444
10 0.7346435546875 0.8414074074074074 0.06510986328125 0.07868981481481481
2 0.4389794921875 0.6173472222222223 0.0120458984375 0.02411111111111111
10 0.45403564453125 0.5983101851851852 0.01940673828125 0.03933796296296296
8 0.84449951171875 0.8197453703703704 0.0133837890625 0.05583333333333333
9 0.97210205078125 0.974587962962963 0.05579345703125 0.05082407407407408
8 0.36704345703125 0.7156898148148149 0.011376953125 0.04822222222222222
8 0.38879150390625 0.7283796296296297 0.0107080078125 0.05075925925925926