9 0.19649658203125 0.9069212962962964 0.05709716796875 0.11546296296296296
9 0.3209228515625 0.8358796296296296 0.032314453125 0.10741203703703703
9 0.2130615234375 0.7981111111111111 0.02972900390625 0.08254166666666667
9 0.246875 0.7688842592592593 0.026865234375 0.07774537037037037
7 0.26777099609375 0.732037037037037 0.03248779296875 0.10531018518518519
6 0.3331884765625 0.7266898148148149 0.01421875 0.05720370370370371
9 0.37458984375 0.6982407407407407 0.01810302734375 0.05221296296296296
9 0.34886962890625 0.6858240740740741 0.020400390625 0.051972222222222225
9 0.3931982421875 0.6801898148148149 0.0155859375 0.05037037037037037
6 0.40967529296875 0.6870879629629629 0.01240478515625 0.04536574074074074
2 0.4385302734375 0.6581990740740741 0.019951171875 0.037208333333333336
9 0.43833251953125 0.769787037037037 0.022724609375 0.08608796296296296
9 0.4569384765625 0.6822638888888889 0.01556884765625 0.04839814814814815
2 0.42284423828125 0.6059907407407408 0.0238623046875 0.029837962962962965
9 0.49056884765625 0.8379675925925926 0.035654296875 0.11658796296296296
9 0.53941650390625 0.8369166666666666 0.0389453125 0.11231944444444444
3 0.49730224609375 0.7344305555555555 0.02518798828125 0.06692592592592593
7 0.50630126953125 0.6776574074074074 0.0228076171875 0.0650138888888889
5 0.55938720703125 0.7917638888888889 0.0340185546875 0.0584675925925926
9 0.639228515625 0.8675694444444445 0.07092041015625 0.12519907407407407
3 0.74305908203125 0.93475 0.10203857421875 0.1305
9 0.82796875 0.9299398148148148 0.09434326171875 0.1401203703703704
3 0.80083251953125 0.8832546296296296 0.08329833984375 0.11605092592592592
8 0.94358154296875 0.9554305555555556 0.0888623046875 0.08913888888888888
9 0.9553662109375 0.9369629629629629 0.08927001953125 0.12607407407407406
3 0.9539599609375 0.9017777777777778 0.092080078125 0.12556481481481482
9 0.1433935546875 0.9047962962962962 0.04148193359375 0.10392129629629629
9 0.11170654296875 0.8702962962962962 0.042255859375 0.12087499999999998
9 0.30984130859375 0.8007592592592593 0.02677001953125 0.09363425925925926
9 0.29984375 0.7358935185185185 0.01865966796875 0.061375
9 0.5983154296875 0.9246898148148148 0.066064453125 0.150625
9 0.6960546875 0.8861157407407407 0.0587060546875 0.11675925925925926
6 0.75512451171875 0.8381574074074074 0.03881103515625 0.08044907407407408
3 0.6089404296875 0.8225324074074074 0.0467236328125 0.09504166666666666
5 0.53163818359375 0.7590185185185185 0.030537109375 0.05076388888888889
9 0.47508056640625 0.7477407407407407 0.02191162109375 0.07410648148148148
3 0.49445556640625 0.6992314814814814 0.0184423828125 0.029708333333333333
3 0.4842431640625 0.692837962962963 0.01546630859375 0.0334675925925926
8 0.42333740234375 0.719037037037037 0.0127001953125 0.05569444444444444
8 0.44934326171875 0.6345555555555557 0.0075341796875 0.032712962962962965
9 0.430703125 0.6915231481481482 0.01546630859375 0.04963425925925925
9 0.11651123046875 0.9495231481481481 0.082587890625 0.1009537037037037
6 0.0620166015625 0.9009259259259259 0.0488134765625 0.09225462962962963
6 0.2896142578125 0.7535694444444445 0.01407958984375 0.0624212962962963
8 0.3776123046875 0.6454768518518519 0.00395263671875 0.030875
8 0.38443603515625 0.6471712962962963 0.003671875 0.02962962962962963
8 0.38754150390625 0.6477083333333333 0.0057421875 0.027129629629629632
9 0.3976611328125 0.6408333333333334 0.0099755859375 0.03408796296296296
9 0.3734716796875 0.6192407407407408 0.00978759765625 0.02837962962962963
6 0.43431884765625 0.610013888888889 0.00555419921875 0.021597222222222223
1 0.49780517578125 0.5908333333333333 0.02952880859375 0.06923611111111112
8 0.634345703125 0.7312592592592593 0.00816162109375 0.06124074074074074
9 0.48083984375 0.6345092592592593 0.01056884765625 0.03744444444444444
9 0.41288818359375 0.6686990740740741 0.011865234375 0.04605555555555556
9 0.40222900390625 0.6621064814814815 0.0109375 0.03814814814814815
9 0.35328369140625 0.6338935185185185 0.01575927734375 0.03058796296296296
9 0.204404296875 0.8518703703703704 0.0441259765625 0.06293055555555556
8 0.34309814453125 0.6445509259259259 0.00563720703125 0.025050925925925924
9 0.49981689453125 0.6270787037037037 0.0112744140625 0.029041666666666664
9 0.49047607421875 0.6573981481481481 0.010771484375 0.03861574074074074
9 0.47756103515625 0.6819675925925925 0.01422119140625 0.0504212962962963
9 0.51193359375 0.800125 0.02557861328125 0.07770833333333334
6 0.589345703125 0.8029953703703704 0.03635009765625 0.07132407407407408
8 0.553583984375 0.6805648148148148 0.0076220703125 0.04780092592592593
8 0.5629345703125 0.688662037037037 0.0076220703125 0.04510185185185185
8 0.532392578125 0.6416296296296297 0.00528564453125 0.032763888888888884
9 0.5340185546875 0.7089953703703704 0.0315087890625 0.054162037037037036
8 0.317998046875 0.7192824074074075 0.00862548828125 0.05404166666666667