2 0.46507568359375 0.7459166666666667 0.0424658203125 0.061462962962962955
2 0.42608642578125 0.6729861111111112 0.02759765625 0.050458333333333334
2 0.39999267578125 0.6418472222222222 0.01792236328125 0.03204166666666666
2 0.39314453125 0.61 0.01567138671875 0.018416666666666668
2 0.3929443359375 0.6243842592592593 0.0165234375 0.025736111111111112
2 0.37854248046875 0.5965787037037037 0.01224365234375 0.017666666666666664
2 0.43779052734375 0.6104305555555556 0.01573974609375 0.02185648148148148
2 0.42555419921875 0.6022638888888889 0.009658203125 0.017888888888888888
9 0.428076171875 0.8996064814814815 0.039599609375 0.13420833333333332
9 0.469931640625 0.8722685185185185 0.036875 0.13149074074074074
9 0.39506103515625 0.7655092592592593 0.02337890625 0.07490277777777778
9 0.405029296875 0.7374351851851851 0.0203271484375 0.06612037037037037
9 0.39731689453125 0.696962962962963 0.0182177734375 0.06237499999999999
9 0.3678955078125 0.6868194444444444 0.01633544921875 0.050351851851851856
9 0.368583984375 0.6596898148148148 0.0137158203125 0.039074074074074074
9 0.34214599609375 0.6314861111111111 0.009765625 0.03464814814814815
9 0.36318603515625 0.6234444444444445 0.01099365234375 0.03518518518518519
9 0.38661376953125 0.6441805555555555 0.01011474609375 0.011902777777777778
9 0.38456787109375 0.6760879629629629 0.0149072265625 0.04806481481481481
9 0.376435546875 0.614712962962963 0.0101318359375 0.029935185185185183
9 0.3451806640625 0.5966574074074074 0.008193359375 0.023342592592592592
9 0.3574853515625 0.5958518518518519 0.00558837890625 0.022393518518518517
9 0.5403564453125 0.6575231481481482 0.0123388671875 0.03991666666666666
9 0.55321533203125 0.6703148148148149 0.015009765625 0.04830092592592593
8 0.52165283203125 0.632375 0.00525146484375 0.034726851851851856
8 0.357255859375 0.7625601851851852 0.01047607421875 0.06169444444444444
8 0.36757080078125 0.7468240740740741 0.00937255859375 0.05487962962962963
8 0.36525146484375 0.807837962962963 0.01456787109375 0.0767037037037037
6 0.3526611328125 0.6995509259259259 0.016494140625 0.04526388888888889
8 0.30205322265625 0.8350185185185186 0.01129150390625 0.09032407407407407
8 0.31316162109375 0.8345601851851853 0.01767333984375 0.0935138888888889
8 0.35958984375 0.7395416666666667 0.00611083984375 0.035958333333333335
3 0.44249267578125 0.6031342592592592 0.009560546875 0.019912037037037037
9 0.3712255859375 0.6372175925925926 0.01097900390625 0.03390740740740741
6 0.34994873046875 0.6304675925925926 0.00679443359375 0.028032407407407405
6 0.3362890625 0.7641435185185185 0.01544189453125 0.06616666666666667
6 0.332880859375 0.6900833333333333 0.01082763671875 0.04316203703703704
9 0.42313720703125 0.5851481481481482 0.0056689453125 0.015231481481481481
9 0.6328955078125 0.7183333333333333 0.01291259765625 0.06241203703703704
0 0.6829736328125 0.7534212962962964 0.01669189453125 0.06748611111111112
2 0.73934814453125 0.860175925925926 0.104248046875 0.1310925925925926
9 0.83501708984375 0.8231481481481482 0.04865966796875 0.11138425925925927
8 0.914462890625 0.8307638888888889 0.02267578125 0.09257407407407407
8 0.72360107421875 0.7328148148148149 0.0132275390625 0.05494444444444445
8 0.67643798828125 0.701462962962963 0.00834716796875 0.04479166666666667
8 0.64462646484375 0.7107175925925926 0.00740234375 0.05494444444444445
8 0.65384033203125 0.6914583333333333 0.00787353515625 0.04927314814814815
8 0.52722900390625 0.6348703703703703 0.00535400390625 0.026875