8 0.112548828125 0.8912037037037037 0.01513671875 0.11203703703703703
8 0.307373046875 0.8111111111111111 0.01806640625 0.09259259259259259
8 0.516357421875 0.7069444444444445 0.01318359375 0.06388888888888888
9 0.351318359375 0.8115740740740741 0.06103515625 0.09537037037037037
9 0.169189453125 0.9069444444444444 0.08544921875 0.12129629629629629
9 0.30224609375 0.9638888888888889 0.06640625 0.07222222222222222
9 0.44970703125 0.9361111111111111 0.076171875 0.10185185185185185
9 0.607421875 0.6810185185185185 0.021484375 0.058333333333333334
9 0.683349609375 0.8851851851851852 0.03271484375 0.1425925925925926
2 0.68115234375 0.6837962962962963 0.0322265625 0.04722222222222222
9 0.678955078125 0.7611111111111111 0.02783203125 0.06666666666666667