9 0.6506979166666667 0.8177731481481482 0.13941666666666666 0.22813888888888886
9 0.8799453125 0.87625 0.1154609375 0.21222685185185186
6 0.8122109375 0.7519907407407407 0.07895833333333332 0.14762037037037037
8 0.4411276041666667 0.6455925925925926 0.01628125 0.09210648148148147
9 0.6357395833333332 0.7073703703703704 0.08096354166666667 0.15207870370370372
6 0.7175520833333333 0.680699074074074 0.053934895833333336 0.1041574074074074
9 0.8895911458333334 0.6865092592592592 0.0825390625 0.1275
9 0.498234375 0.600300925925926 0.027130208333333336 0.07008333333333333
9 0.5738932291666666 0.6149351851851852 0.032200520833333336 0.0716574074074074
9 0.5388541666666666 0.6112962962962963 0.04310416666666667 0.07733333333333332
5 0.6453307291666667 0.6277453703703704 0.05472395833333333 0.06336111111111112
2 0.72184375 0.6469537037037038 0.10488020833333334 0.09815277777777777
9 0.41140885416666667 0.5868796296296297 0.029536458333333335 0.06836111111111111
9 0.3378697916666667 0.5559722222222223 0.0218359375 0.040185185185185185
8 0.16859114583333332 0.641949074074074 0.025723958333333335 0.09793518518518518
8 0.19473958333333333 0.6363148148148149 0.018557291666666666 0.09438888888888888
9 0.46732552083333334 0.5951018518518519 0.03208333333333333 0.0674212962962963
2 0.3864036458333333 0.5619768518518518 0.029611979166666667 0.035773148148148144
9 0.4354375 0.5731435185185185 0.017315104166666664 0.055115740740740736
9 0.4807057291666667 0.578861111111111 0.01846875 0.045439814814814815
8 0.5164895833333333 0.5630324074074075 0.006596354166666666 0.03723148148148148
8 0.510140625 0.5551157407407408 0.0061015625 0.029611111111111112
8 0.4911770833333333 0.5521851851851852 0.0090703125 0.02022685185185185
8 0.5855859375 0.5839907407407408 0.009893229166666666 0.04104166666666667
9 0.45019791666666664 0.5772499999999999 0.0168203125 0.04397685185185185
9 0.40039583333333334 0.5432407407407408 0.0105546875 0.018175925925925925
9 0.40954687500000003 0.5439768518518519 0.012697916666666666 0.014365740740740741
9 0.45465104166666664 0.5488148148148149 0.011213541666666667 0.014657407407407407
9 0.4680078125 0.556287037037037 0.012203125 0.01964351851851852
8 0.5002473958333333 0.5571666666666667 0.006760416666666667 0.020814814814814814
0 0.783640625 0.6742870370370371 0.05738802083333334 0.09674537037037037