8 0.56355712890625 0.7237638888888889 0.00895263671875 0.05246759259259259
8 0.50089599609375 0.7577175925925926 0.01383544921875 0.05864351851851852
8 0.40771484375 0.8109583333333333 0.01302001953125 0.06018518518518518
8 0.28889892578125 0.8672824074074074 0.01627685546875 0.09259259259259259
8 0.20589111328125 0.9413564814814814 0.02115966796875 0.11419907407407406
8 0.18635986328125 0.934412037037037 0.01953125 0.13117129629629629
8 0.11922119140625 0.9544768518518519 0.01871826171875 0.09105092592592592
8 0.59326171875 0.7422824074074074 0.01302001953125 0.06172685185185186
8 0.53466796875 0.7194444444444444 0.0107421875 0.05740740740740741
8 0.5537109375 0.7087962962962963 0.0068359375 0.05092592592592592
8 0.626708984375 0.6842592592592592 0.00537109375 0.04814814814814815
8 0.633544921875 0.6861111111111111 0.00634765625 0.046296296296296294
8 0.669921875 0.6467592592592593 0.0087890625 0.03611111111111111
2 0.73933837890625 0.8132731481481482 0.06022216796875 0.10185185185185185
2 0.7281494140625 0.7079490740740741 0.03214599609375 0.07175925925925926
2 0.65470458984375 0.9594907407407407 0.09684326171875 0.08101851851851852
2 0.75480224609375 0.690199074074074 0.01953125 0.045523148148148146
9 0.6549072265625 0.7376527777777777 0.02400634765625 0.06327314814814815
9 0.60506103515625 0.6701388888888888 0.009765625 0.04706944444444445
9 0.62154052734375 0.6774675925925926 0.00935791015625 0.05864351851851852
9 0.65775634765625 0.6712962962962963 0.01424072265625 0.030865740740740742
9 0.69356201171875 0.6778564814814815 0.01424072265625 0.04243981481481481
9 0.7080078125 0.6743842592592593 0.01057861328125 0.032407407407407406
9 0.7073974609375 0.6442916666666667 0.010986328125 0.023148148148148147
9 0.72611572265625 0.653162037037037 0.006103515625 0.03163425925925926
6 0.69926025390625 0.6983009259259259 0.008544921875 0.05246759259259259
6 0.61055419921875 0.7496157407407408 0.01749755859375 0.06712962962962964
9 0.82072021484375 0.7604166666666666 0.02278564453125 0.08101851851851852
9 0.65449951171875 0.6967592592592593 0.01505615234375 0.016976851851851854
1 0.88777587890625 0.8804027777777778 0.22444580078125 0.22993981481481482
9 0.42236328125 0.9305555555555556 0.05533935546875 0.12962962962962962