1 0.3229833984375 0.8839305555555556 0.241845703125 0.23214351851851853
1 0.51024169921875 0.8279212962962963 0.09387451171875 0.24634722222222222
3 0.6397705078125 0.9599166666666668 0.04836669921875 0.08016666666666666
9 0.66768798828125 0.9290231481481481 0.03244384765625 0.1125324074074074
9 0.64783203125 0.8800555555555556 0.0287890625 0.08598611111111111
8 0.68177734375 0.8533472222222223 0.017734375 0.07585648148148148
6 0.65442626953125 0.8123009259259258 0.01799560546875 0.05972685185185185
9 0.3471484375 0.7804722222222222 0.02557373046875 0.03776388888888889
10 0.39184326171875 0.7246435185185185 0.0400048828125 0.053342592592592594
0 0.46781005859375 0.7198055555555556 0.007294921875 0.04172685185185185
9 0.45673583984375 0.6795416666666666 0.0113720703125 0.03336111111111111
9 0.43765380859375 0.6902314814814815 0.01242431640625 0.036375
3 0.62169677734375 0.748675925925926 0.0201025390625 0.05110185185185185
3 0.59386474609375 0.7398194444444445 0.02158447265625 0.038578703703703705
9 0.56907470703125 0.7584814814814814 0.02175048828125 0.06573611111111112
9 0.6410107421875 0.7356064814814816 0.01538818359375 0.06152777777777778
2 0.56967529296875 0.7023472222222222 0.02470703125 0.03523148148148148
8 0.209990234375 0.9525601851851853 0.01612060546875 0.09487962962962963
9 0.42731689453125 0.7184259259259259 0.01590576171875 0.05209259259259259
0 0.4638720703125 0.7124444444444445 0.00548583984375 0.03966666666666667
2 0.575830078125 0.6853796296296296 0.01984619140625 0.02489814814814815
2 0.57950439453125 0.6739259259259259 0.01755615234375 0.020731481481481483
2 0.59296142578125 0.6705972222222222 0.01678955078125 0.025791666666666668
2 0.5871630859375 0.651625 0.017548828125 0.02487037037037037
10 0.60026123046875 0.866537037037037 0.0605712890625 0.20292592592592593
9 0.59255615234375 0.9702222222222221 0.037255859375 0.05955555555555555
6 0.665634765625 0.7650694444444445 0.01584228515625 0.057749999999999996
6 0.67450927734375 0.7367824074074074 0.01259033203125 0.04615740740740741
8 0.66825927734375 0.7062037037037038 0.0087353515625 0.04592129629629629
8 0.68961669921875 0.7317314814814815 0.0099365234375 0.0487175925925926
8 0.68627685546875 0.7200231481481482 0.0081982421875 0.04638888888888889
9 0.632431640625 0.7644120370370371 0.01720458984375 0.02597685185185185
9 0.6326171875 0.7438888888888888 0.01583984375 0.02851388888888889
8 0.69103271484375 0.8037083333333334 0.0127685546875 0.07035648148148148
8 0.7258544921875 0.9005555555555556 0.01296875 0.07334722222222223
9 0.59151123046875 0.7116851851851852 0.0161181640625 0.021277777777777777
6 0.609052734375 0.7353287037037036 0.0086962890625 0.03857407407407407
9 0.62889892578125 0.6837777777777778 0.0118115234375 0.01747685185185185
2 0.602607421875 0.6885092592592593 0.0219970703125 0.026467592592592595
3 0.589677734375 0.7058564814814815 0.01739013671875 0.04195370370370371
3 0.61055419921875 0.6648055555555555 0.0131787109375 0.016087962962962964
3 0.626044921875 0.6708842592592592 0.01401123046875 0.02262037037037037
6 0.6528515625 0.722412037037037 0.01919189453125 0.04881944444444444
9 0.62245849609375 0.7056759259259259 0.0115380859375 0.03034722222222222
2 0.5938037109375 0.6455 0.01575927734375 0.02386111111111111
2 0.615 0.6298611111111111 0.0129296875 0.019300925925925926
2 0.6076416015625 0.6172314814814815 0.00908203125 0.01559722222222222
3 0.61821533203125 0.6107314814814815 0.00626220703125 0.014777777777777779
5 0.5256298828125 0.6547361111111111 0.0111279296875 0.03062037037037037
8 0.41536865234375 0.7825555555555556 0.007900390625 0.037703703703703705
8 0.3994677734375 0.7860555555555556 0.008662109375 0.03235648148148148
8 0.37366455078125 0.7818148148148149 0.0113330078125 0.032101851851851854
8 0.33035888671875 0.7610231481481481 0.00885498046875 0.036833333333333336
9 0.3120751953125 0.7550648148148148 0.0233056640625 0.05167592592592593
8 0.391767578125 0.7798703703703703 0.00791748046875 0.04365277777777778
9 0.37602783203125 0.7614212962962963 0.02444580078125 0.045361111111111116
8 0.54143798828125 0.6552685185185185 0.004169921875 0.028050925925925927
8 0.46339599609375 0.6805925925925925 0.00588623046875 0.0339675925925926
8 0.46859130859375 0.6827453703703704 0.00616943359375 0.0347962962962963
6 0.52369873046875 0.6370509259259259 0.00442138671875 0.021583333333333333
9 0.53423583984375 0.6318657407407408 0.0071728515625 0.022944444444444444
2 0.59836181640625 0.6342546296296296 0.01678955078125 0.019032407407407408
9 0.63712890625 0.8426712962962963 0.0162939453125 0.09016666666666666
8 0.63447021484375 0.6228379629629629 0.0033544921875 0.020092592592592592
8 0.64821533203125 0.6331527777777778 0.00335693359375 0.01987037037037037