8 0.2766064453125 0.8823564814814815 0.02554443359375 0.13879166666666667
8 0.198818359375 0.7385833333333333 0.01789306640625 0.06883333333333333
8 0.3206591796875 0.9034351851851852 0.0174755859375 0.11237962962962963
2 0.30965576171875 0.9747685185185185 0.17951904296875 0.050462962962962966
2 0.34052978515625 0.7682037037037037 0.05184814453125 0.08025925925925927
9 0.43354248046875 0.9335046296296295 0.08555419921875 0.13299537037037037
9 0.3653076171875 0.9057175925925925 0.04135498046875 0.12930092592592593
9 0.3859375 0.8131296296296295 0.05869140625 0.07440740740740741
9 0.36966064453125 0.7363379629629629 0.02760498046875 0.06309722222222222
9 0.46759521484375 0.7591851851851852 0.03453857421875 0.045222222222222226
9 0.44611083984375 0.7510833333333333 0.02867431640625 0.06142592592592593
9 0.54246826171875 0.8137129629629629 0.0427197265625 0.11098148148148149
2 0.4971337890625 0.8249259259259258 0.068232421875 0.10107870370370371
3 0.46490966796875 0.8700694444444445 0.0545556640625 0.13579166666666667
2 0.46161376953125 0.7117222222222221 0.0440576171875 0.04752314814814815
2 0.57537841796875 0.9221574074074074 0.12903076171875 0.14735185185185184
0 0.54229736328125 0.9597222222222223 0.0487060546875 0.08055555555555556
2 0.68115966796875 0.9184537037037036 0.14940185546875 0.1316111111111111
3 0.71855224609375 0.9733287037037036 0.0990283203125 0.053342592592592594
2 0.8280419921875 0.9450787037037036 0.15592529296875 0.10984259259259259
9 0.94558349609375 0.9435185185185185 0.09418212890625 0.11296296296296296
9 0.89126708984375 0.8612870370370371 0.09295166015625 0.09664814814814815
9 0.81949462890625 0.8372083333333333 0.03142333984375 0.1040462962962963
6 0.7779931640625 0.8557175925925925 0.036298828125 0.04411574074074075
9 0.7398779296875 0.8270231481481481 0.05393798828125 0.11145370370370371
9 0.98537353515625 0.8788796296296297 0.0292529296875 0.09480092592592593
2 0.4011962890625 0.6371666666666667 0.028173828125 0.05530092592592593
9 0.5774853515625 0.7062777777777778 0.0269970703125 0.06221759259259259
6 0.645751953125 0.8159722222222222 0.03662109375 0.09490740740740741
9 0.68751953125 0.7805925925925925 0.03715087890625 0.08896296296296297
2 0.433349609375 0.6504629629629629 0.0244140625 0.05092592592592592
2 0.467529296875 0.6793981481481481 0.0390625 0.06712962962962964
3 0.50352294921875 0.7261620370370371 0.0354345703125 0.07269907407407407
2 0.3729248046875 0.6192129629629629 0.028076171875 0.03009259259259259
2 0.43051025390625 0.6157407407407407 0.02276611328125 0.027777777777777776
1 0.37109375 0.59375 0.029296875 0.034722222222222224
8 0.9600830078125 0.84375 0.023193359375 0.09953703703703703
9 0.609091796875 0.7055046296296297 0.01776123046875 0.04377777777777778
9 0.78365966796875 0.790212962962963 0.0419970703125 0.09172685185185185
9 0.56476806640625 0.686949074074074 0.0212353515625 0.044861111111111115
9 0.63162353515625 0.7399907407407408 0.03509033203125 0.07767592592592593
9 0.60438720703125 0.7564166666666666 0.040048828125 0.09362962962962963
9 0.542978515625 0.7212129629629629 0.0271826171875 0.07018518518518518
9 0.5454541015625 0.6803796296296296 0.01826904296875 0.03547685185185185
9 0.6596044921875 0.7517222222222222 0.02666748046875 0.07673611111111112
3 0.56873046875 0.6418888888888888 0.01826416015625 0.02424074074074074
3 0.53307373046875 0.6456435185185185 0.0222314453125 0.020481481481481482
3 0.5516455078125 0.6418888888888888 0.0217333984375 0.02048611111111111
3 0.48949462890625 0.6705185185185185 0.02422119140625 0.03455092592592592
9 0.39119384765625 0.7365879629629629 0.02578125 0.06274537037037037
8 0.2906591796875 0.8952407407407408 0.0277197265625 0.12834722222222222