2 0.8095703125 0.8898148148148148 0.134765625 0.12962962962962962
2 0.45703125 0.7078703703703704 0.0283203125 0.05648148148148148
2 0.4150390625 0.6472222222222223 0.0205078125 0.05185185185185185
6 0.7158203125 0.7916666666666666 0.0283203125 0.07222222222222222
6 0.483154296875 0.6472222222222223 0.00830078125 0.03333333333333333
6 0.461181640625 0.899537037037037 0.01806640625 0.09537037037037037
3 0.549072265625 0.8425925925925926 0.04736328125 0.10740740740740741
9 0.504638671875 0.9319444444444445 0.04150390625 0.11944444444444445
9 0.433349609375 0.8115740740740741 0.02685546875 0.08981481481481482
9 0.46630859375 0.825 0.0283203125 0.09444444444444444
9 0.420166015625 0.7375 0.01904296875 0.06574074074074074
9 0.513916015625 0.6449074074074074 0.01220703125 0.03796296296296296
9 0.5517578125 0.6736111111111112 0.0166015625 0.05277777777777778
8 0.40673828125 0.9101851851851852 0.0166015625 0.10925925925925926
8 0.570556640625 0.6550925925925926 0.00537109375 0.041666666666666664
8 0.6494140625 0.6902777777777778 0.0068359375 0.04537037037037037
8 0.547607421875 0.6305555555555555 0.00244140625 0.022222222222222223
8 0.51025390625 0.6143518518518518 0.0048828125 0.026851851851851852