5 0.2531298828125 0.9168981481481482 0.191298828125 0.16620370370370371
5 0.39581787109375 0.7591944444444444 0.0758154296875 0.15635185185185185
2 0.450869140625 0.6431990740740741 0.032109375 0.09566203703703703
7 0.5138525390625 0.75525 0.021357421875 0.04198148148148149
6 0.55876953125 0.9027361111111112 0.07212890625 0.1656574074074074
0 0.4339013671875 0.925 0.073857421875 0.15
8 0.64616455078125 0.9173194444444445 0.0613720703125 0.14389814814814814
8 0.695478515625 0.9157407407407407 0.0428076171875 0.1685185185185185
6 0.07052734375 0.8302685185185186 0.10150390625 0.11794444444444444
8 0.1003125 0.6598703703703703 0.03412109375 0.09196296296296295
9 0.0821240234375 0.7529398148148148 0.078310546875 0.08365277777777777