3 0.1434716796875 0.9189490740740741 0.1293408203125 0.16210648148148146
2 0.23324951171875 0.9643518518518519 0.26885498046875 0.0712962962962963
9 0.02953857421875 0.7770185185185184 0.0590771484375 0.13181481481481483
8 0.22701416015625 0.7513194444444444 0.02009521484375 0.11281944444444444
8 0.20284423828125 0.7659027777777777 0.01471923828125 0.10958333333333332
6 0.3899658203125 0.8258657407407407 0.060400390625 0.09987962962962964
8 0.3648193359375 0.7471481481481481 0.01547607421875 0.0905925925925926
8 0.30330078125 0.7621990740740741 0.0262109375 0.10217592592592592
8 0.27705810546875 0.8105879629629629 0.0225439453125 0.10635648148148148
3 0.58066162109375 0.8406574074074074 0.1005419921875 0.12946296296296295
9 0.4982373046875 0.9342592592592592 0.07823486328125 0.13148148148148148
8 0.66743408203125 0.7736157407407407 0.0191357421875 0.09205555555555556
5 0.7556591796875 0.8712407407407408 0.078525390625 0.07951851851851852
5 0.84586181640625 0.8770277777777779 0.05437255859375 0.07257407407407407
9 0.9217822265625 0.8936805555555555 0.10516357421875 0.15337962962962964
8 0.855869140625 0.7779398148148148 0.04168212890625 0.096625
2 0.72689697265625 0.9601203703703705 0.28452392578125 0.07975925925925927
6 0.8062744140625 0.7592592592592593 0.035400390625 0.0787037037037037
5 0.645751953125 0.8136574074074074 0.04638671875 0.09490740740740741
8 0.3875732421875 0.7430555555555556 0.015869140625 0.07407407407407407
8 0.95083251953125 0.827412037037037 0.026767578125 0.10194444444444443
8 0.9962158203125 0.8495370370370371 0.007568359375 0.09722222222222222
8 0.77245849609375 0.7709259259259259 0.01821044921875 0.0904537037037037
8 0.73545166015625 0.7849537037037037 0.01751220703125 0.10514351851851853
8 0.7047900390625 0.7702546296296297 0.01963134765625 0.08911574074074075
8 0.793603515625 0.8090046296296296 0.0266650390625 0.09710648148148149
8 0.1535595703125 0.7388750000000001 0.01685302734375 0.08516666666666667
8 0.1017529296875 0.7502314814814814 0.01897705078125 0.08649537037037038
8 0.084130859375 0.737537037037037 0.020390625 0.09051388888888888