2 0.52815673828125 0.6026250000000001 0.03743408203125 0.06172685185185186
2 0.4345703125 0.6296296296296297 0.03580810546875 0.04938425925925926
2 0.47505615234375 0.5999212962962963 0.04191162109375 0.03781018518518518
2 0.50496337890625 0.5825601851851852 0.01708984375 0.041666666666666664
2 0.16459228515625 0.8537824074074074 0.208740234375 0.1766990740740741
9 0.04557373046875 0.784337962962963 0.09033203125 0.1489212962962963
9 0.30232666015625 0.6577916666666667 0.02848388671875 0.06712962962962964
9 0.31758544921875 0.8688287037037037 0.10050537109375 0.209875
8 0.38411376953125 0.6851851851851852 0.01057861328125 0.08024537037037037
8 0.208740234375 0.6338750000000001 0.00569580078125 0.05941203703703704
8 0.2178955078125 0.6284722222222222 0.00529052734375 0.045523148148148146
8 0.22542236328125 0.6300138888888889 0.009765625 0.06712962962962964
8 0.2618408203125 0.6307870370370371 0.01017333984375 0.050152777777777775
5 0.31026123046875 0.5918194444444445 0.03133056640625 0.05092592592592592
5 0.36417724609375 0.6130416666666667 0.02115966796875 0.045523148148148146
6 0.40059326171875 0.6118842592592593 0.01912353515625 0.03549537037037037
6 0.45186279296875 0.8499212962962963 0.037841796875 0.1736111111111111
2 0.16825439453125 0.5868055555555556 0.054931640625 0.04706944444444445
6 0.13346435546875 0.5898935185185186 0.01871826171875 0.034722222222222224
9 0.469970703125 0.6439027777777777 0.0244140625 0.07330092592592594
9 0.50435302734375 0.6300138888888889 0.018310546875 0.0686712962962963
0 0.59651611328125 0.5987638888888889 0.00651123046875 0.04475462962962963
6 0.16031982421875 0.9120370370370371 0.078125 0.17592592592592593