9 0.164462890625 0.9534444444444444 0.0756689453125 0.09311111111111112
8 0.06298583984375 0.84375 0.01391845703125 0.10038888888888889
8 0.2616650390625 0.8184027777777778 0.01860595703125 0.08810648148148148
9 0.331591796875 0.7739722222222222 0.04318603515625 0.0852962962962963
6 0.325087890625 0.8851342592592593 0.03463134765625 0.11193518518518518
8 0.49018310546875 0.716912037037037 0.00831787109375 0.06501851851851852
2 0.53305908203125 0.9368657407407408 0.0978271484375 0.12627314814814813
1 0.68367919921875 0.7560231481481482 0.1582763671875 0.21906481481481482
10 0.69626220703125 0.637324074074074 0.0426318359375 0.07662962962962963
9 0.5764013671875 0.6294120370370371 0.016767578125 0.053759259259259264
9 0.5651171875 0.5869444444444444 0.01126220703125 0.032185185185185185
3 0.7449365234375 0.6351898148148148 0.01803466796875 0.03876388888888889
2 0.68477294921875 0.5978009259259259 0.02656494140625 0.02600925925925926
8 0.817529296875 0.9050324074074073 0.02239013671875 0.11238425925925925
0 0.80454833984375 0.9469259259259258 0.02510986328125 0.08589814814814814
9 0.75930419921875 0.6067222222222222 0.011962890625 0.04405092592592593
8 0.08228515625 0.8894953703703703 0.0202099609375 0.09503240740740741
8 0.0777490234375 0.8282916666666666 0.0148486328125 0.047712962962962964
8 0.1221923828125 0.8623148148148148 0.01711669921875 0.10011574074074074
8 0.1387939453125 0.8472592592592593 0.0148486328125 0.08095370370370371
8 0.09404052734375 0.8517592592592592 0.01361083984375 0.09150925925925926
8 0.10734375 0.8337685185185185 0.02041748046875 0.08994907407407407
8 0.2238623046875 0.8249675925925927 0.01216796875 0.07312962962962963
8 0.2290185546875 0.7893796296296296 0.01175537109375 0.07860648148148147
8 0.2701611328125 0.8058055555555556 0.0148486328125 0.07469444444444445
8 0.252529296875 0.8040462962962963 0.01216796875 0.07352314814814814
8 0.2778955078125 0.7616157407407407 0.01258056640625 0.08173611111111112
9 0.58165283203125 0.5780324074074074 0.01012451171875 0.029513888888888888
9 0.588388671875 0.5746990740740741 0.00836669921875 0.029194444444444446
8 0.50345947265625 0.7080601851851852 0.00769775390625 0.06616666666666667
8 0.50956787109375 0.6798148148148149 0.00937255859375 0.026180555555555554
8 0.5330810546875 0.7648611111111111 0.013388671875 0.07663888888888888
8 0.58056396484375 0.7812037037037037 0.0109619140625 0.07409722222222223
8 0.56546142578125 0.7639907407407408 0.011044921875 0.08218981481481481
8 0.55219970703125 0.7770787037037037 0.00878662109375 0.08362037037037037
8 0.5342529296875 0.7527222222222223 0.01188232421875 0.07933333333333334
8 0.5562158203125 0.7454259259259258 0.01296875 0.07996759259259259
8 0.5572607421875 0.7065509259259259 0.009873046875 0.07711111111111112
8 0.542578125 0.7116296296296296 0.01012451171875 0.06663888888888889
8 0.53776611328125 0.704412037037037 0.00702880859375 0.06648148148148147
8 0.5199853515625 0.6825925925925926 0.00644287109375 0.03776388888888889
8 0.51831298828125 0.7366203703703703 0.01196533203125 0.07219444444444445
8 0.50831298828125 0.718925925925926 0.01305419921875 0.06759259259259259
8 0.51705810546875 0.6382453703703703 0.0072802734375 0.03792129629629629
8 0.543330078125 0.6173796296296297 0.005439453125 0.03744444444444444
10 0.52709716796875 0.6139675925925926 0.02903564453125 0.047125
6 0.54902099609375 0.6057962962962963 0.01196533203125 0.02697222222222222
1 0.6398583984375 0.680425925925926 0.0724365234375 0.1686203703703704
8 0.6802587890625 0.8510231481481482 0.018564453125 0.09949999999999999
8 0.6078173828125 0.7664953703703704 0.01253662109375 0.07396296296296295
0 0.7892578125 0.8629120370370371 0.0206640625 0.06251851851851851
2 0.69253173828125 0.5816944444444445 0.01779541015625 0.01715740740740741
2 0.72133544921875 0.5799768518518519 0.0183984375 0.018300925925925925
2 0.7084423828125 0.5679675925925926 0.014326171875 0.01658796296296296
2 0.70376708984375 0.5543842592592593 0.01523193359375 0.024310185185185185
2 0.71145751953125 0.5493796296296297 0.014931640625 0.024592592592592593
3 0.706103515625 0.5898425925925925 0.0120654296875 0.01801851851851852
3 0.74441162109375 0.5643935185185185 0.01266845703125 0.012296296296296296
3 0.737021484375 0.6082916666666667 0.01568359375 0.026310185185185183
9 0.71877197265625 0.6024259259259259 0.01266845703125 0.030027777777777778
9 0.6905712890625 0.5632499999999999 0.00844482421875 0.016300925925925927
2 0.73453369140625 0.5400833333333332 0.01161376953125 0.019731481481481482
3 0.74192138671875 0.5282129629629629 0.0076904296875 0.02059259259259259
3 0.72721923828125 0.5206342592592592 0.00723876953125 0.01801851851851852
8 0.81423828125 0.7245416666666666 0.0117626953125 0.060916666666666675
8 0.81031494140625 0.6896527777777778 0.00995361328125 0.05691203703703704
8 0.770048828125 0.6168703703703704 0.00814453125 0.03889351851851852
8 0.7556787109375 0.5408564814814815 0.004326171875 0.019550925925925923
2 0.7257080078125 0.5613703703703703 0.01667236328125 0.019550925925925923
9 0.74968994140625 0.5775833333333333 0.008720703125 0.017046296296296296
7 0.65522216796875 0.5353055555555556 0.00703125 0.021263888888888888
9 0.64209716796875 0.547375 0.0081884765625 0.028185185185185185