3 0.494140625 0.3385416666666667 0.06510416666666667 0.11226851851851852
2 0.2945963541666667 0.2378472222222222 0.041015625 0.047453703703703706
2 0.23958333333333334 0.2534722222222222 0.040364583333333336 0.05324074074074074
2 0.1767578125 0.27314814814814814 0.048828125 0.0625
6 0.20377604166666666 0.21064814814814814 0.013020833333333334 0.04398148148148148
6 0.24869791666666666 0.21846296296296297 0.013020833333333334 0.01678240740740741
6 0.241375 0.1857638888888889 0.011393229166666666 0.03125
6 0.19677864583333332 0.17679629629629628 0.013346354166666666 0.02141203703703704
6 0.17138802083333332 0.1901064814814815 0.0166015625 0.019097222222222224
9 0.157390625 0.1744814814814815 0.015950520833333332 0.026041666666666668
9 0.2898776041666667 0.17794907407407407 0.008138020833333334 0.028356481481481483