3 0.0962451171875 0.9246435185185186 0.09044189453125 0.1507175925925926
9 0.24883544921875 0.8891296296296296 0.083154296875 0.11161111111111112
9 0.3412158203125 0.8221064814814815 0.0634716796875 0.09585185185185185
9 0.40511962890625 0.7973055555555556 0.03887939453125 0.09254166666666666
9 0.485673828125 0.7648842592592593 0.02566162109375 0.07786111111111112
9 0.49663818359375 0.7298425925925927 0.02145263671875 0.06758796296296296
9 0.5344580078125 0.7094722222222223 0.01874267578125 0.05828703703703704
3 0.50903076171875 0.9316898148148148 0.056337890625 0.1366203703703704
2 0.47590576171875 0.6592962962962963 0.0279638671875 0.036134259259259255
9 0.50452880859375 0.6706435185185184 0.015078125 0.05266666666666667
9 0.53181884765625 0.6754305555555555 0.0146923828125 0.03979166666666667
9 0.5013427734375 0.6469398148148149 0.012373046875 0.04032870370370371
2 0.5495166015625 0.6229398148148148 0.01428955078125 0.024337962962962964
9 0.5699658203125 0.6398333333333334 0.0120751953125 0.03706018518518518
8 0.60122314453125 0.8863287037037038 0.02977294921875 0.10849537037037037
3 0.7065283203125 0.6987731481481481 0.0292431640625 0.053814814814814815
3 0.61880615234375 0.6316666666666667 0.01384521484375 0.034185185185185187
9 0.65837890625 0.6398379629629629 0.01241943359375 0.037398148148148146
9 0.674375 0.6392546296296296 0.01171142578125 0.036000000000000004
6 0.7504638671875 0.7233842592592593 0.0196142578125 0.05912962962962963
5 0.85357177734375 0.8894398148148148 0.10341796875 0.06824999999999999
3 0.89777099609375 0.8111851851851852 0.06271728515625 0.09759722222222222
6 0.84766845703125 0.7497777777777778 0.0269921875 0.0699212962962963
9 0.9798974609375 0.8329722222222222 0.04020751953125 0.09441666666666666
2 0.16633056640625 0.9691527777777778 0.1682177734375 0.06169444444444444
8 0.2167626953125 0.797050925925926 0.01419677734375 0.08389814814814815
8 0.3012890625 0.7679351851851852 0.01617919921875 0.07575925925925925
8 0.3650146484375 0.7303703703703703 0.01023681640625 0.048212962962962964
8 0.3757470703125 0.7294305555555555 0.01056640625 0.05259259259259259
8 0.4055078125 0.7114583333333333 0.009560546875 0.058249999999999996
8 0.41271728515625 0.6961527777777778 0.009560546875 0.05319444444444445
8 0.44766357421875 0.6622731481481482 0.00893310546875 0.04249537037037037
9 0.51754638671875 0.6544351851851852 0.01454833984375 0.04331944444444444
6 0.53338623046875 0.6257546296296297 0.00702392578125 0.031078703703703702
9 0.75015625 0.6994259259259259 0.02348876953125 0.05866203703703703
9 0.73348876953125 0.6581296296296296 0.01433349609375 0.04403703703703704
8 0.72278564453125 0.6563518518518519 0.00692138671875 0.03436111111111111
8 0.71912109375 0.6545185185185185 0.0034619140625 0.0353287037037037
8 0.6443994140625 0.6240185185185185 0.00509033203125 0.029537037037037035
8 0.93412841796875 0.7886481481481482 0.0169287109375 0.07587962962962963