9 0.37239013671875 0.94375 0.0809033203125 0.1125
8 0.249228515625 0.8922916666666666 0.02204833984375 0.09689814814814815
8 0.419501953125 0.7994583333333333 0.02085693359375 0.08349074074074074
9 0.52752685546875 0.8031759259259259 0.0367431640625 0.06745833333333334
2 0.565966796875 0.8767777777777778 0.1109375 0.1788472222222222
2 0.62029541015625 0.9576388888888889 0.1173193359375 0.08472222222222223
2 0.66301513671875 0.803162037037037 0.07094482421875 0.0853425925925926
9 0.6189501953125 0.7543101851851851 0.032119140625 0.07193518518518519
3 0.660693359375 0.737875 0.03408203125 0.06776388888888889
2 0.71098388671875 0.7293101851851852 0.05069091796875 0.06175
2 0.75504638671875 0.834412037037037 0.06265869140625 0.12931944444444443
2 0.76285888671875 0.7438981481481481 0.0568017578125 0.06498611111111112
3 0.82217529296875 0.7286157407407408 0.02765380859375 0.07239814814814814
2 0.7375927734375 0.685324074074074 0.04385986328125 0.052500000000000005
9 0.61290771484375 0.6664537037037037 0.0456689453125 0.06338888888888888
8 0.56408447265625 0.6920000000000001 0.01066650390625 0.060138888888888895
9 0.6688916015625 0.6976342592592593 0.01833740234375 0.04424074074074074
9 0.6911474609375 0.6808842592592593 0.01939697265625 0.0437824074074074
9 0.65391845703125 0.6720138888888889 0.01572998046875 0.052273148148148145
9 0.7063232421875 0.6577314814814815 0.01427490234375 0.03453240740740741
8 0.5523681640625 0.7037037037037037 0.010986328125 0.05555555555555555
8 0.8875732421875 0.8715277777777778 0.224853515625 0.2569444444444444