9 0.06793701171875 0.9321018518518518 0.07376953125 0.1357962962962963
9 0.13348876953125 0.8991851851851852 0.0865087890625 0.13606018518518517
8 0.00819091796875 0.920675925925926 0.01638427734375 0.10843055555555556
6 0.18819091796875 0.8290925925925926 0.04756103515625 0.09210648148148147
5 0.21924072265625 0.8212962962962963 0.0404248046875 0.061703703703703705
2 0.2538330078125 0.7821250000000001 0.0747705078125 0.07796296296296297
3 0.261611328125 0.9269490740740741 0.07838623046875 0.11942592592592592
3 0.25856201171875 0.9692962962962962 0.084990234375 0.061407407407407404
9 0.3600732421875 0.7884675925925926 0.02717529296875 0.08275
2 0.5117529296875 0.8923240740740741 0.085517578125 0.18241203703703704
9 0.57202880859375 0.8875138888888888 0.043916015625 0.12622685185185184
9 0.55248046875 0.7956481481481481 0.03045654296875 0.03978240740740741
2 0.62524658203125 0.8643333333333334 0.08154296875 0.12275
9 0.374306640625 0.7401157407407408 0.02172607421875 0.06912037037037037
9 0.38173095703125 0.6985972222222222 0.01633056640625 0.05702777777777778
8 0.3228759765625 0.7454583333333333 0.0128125 0.07398148148148148
9 0.34831298828125 0.7042685185185186 0.02447265625 0.06578240740740741
6 0.4145556640625 0.7262916666666667 0.01233154296875 0.06478240740740741
9 0.40024658203125 0.6234027777777778 0.01429443359375 0.03501851851851852
9 0.464296875 0.6702916666666666 0.01733642578125 0.04760185185185185
7 0.5678466796875 0.725736111111111 0.0430908203125 0.097375
5 0.7182861328125 0.9491944444444446 0.063876953125 0.09641203703703703
6 0.904921875 0.938912037037037 0.04767578125 0.11670370370370371
9 0.45650390625 0.6101157407407407 0.00974853515625 0.02933796296296296
9 0.4638916015625 0.6184074074074074 0.00967041015625 0.028314814814814813
8 0.42199951171875 0.6665972222222222 0.0074267578125 0.0434212962962963
8 0.4164697265625 0.6662314814814815 0.00657470703125 0.04327777777777778
3 0.41519287109375 0.6357916666666666 0.01361572265625 0.030805555555555558
8 0.276142578125 0.8203935185185185 0.017783203125 0.08649537037037038
8 0.2939013671875 0.805425925925926 0.01797607421875 0.08677314814814815
8 0.0232421875 0.9180277777777778 0.01852294921875 0.09228240740740741
7 0.085166015625 0.8305601851851852 0.06972900390625 0.14187037037037037
8 0.131015625 0.7549768518518518 0.01943115234375 0.08230092592592593
8 0.10768310546875 0.7520509259259259 0.01271240234375 0.05096296296296296
8 0.20819091796875 0.7537731481481482 0.0136181640625 0.07575462962962963
8 0.2929931640625 0.7022916666666666 0.0096240234375 0.05543981481481482
9 0.39504638671875 0.6358333333333334 0.01180419921875 0.040976851851851855