2 0.062236328125 0.9731481481481481 0.12015625 0.053703703703703705
2 0.0307763671875 0.9533148148148147 0.06114013671875 0.04226388888888889
3 0.0807861328125 0.9045648148148148 0.053759765625 0.11587037037037037
9 0.13013916015625 0.9456388888888888 0.03723388671875 0.10872222222222222
9 0.1344921875 0.8751666666666666 0.03423828125 0.06818981481481481
2 0.1552197265625 0.8592268518518519 0.065732421875 0.0628425925925926
4 0.06014892578125 0.790375 0.0503369140625 0.054953703703703706
9 0.11178955078125 0.8291018518518518 0.02593505859375 0.057277777777777775
9 0.03092529296875 0.8361805555555556 0.02583984375 0.05613888888888889
3 0.14111328125 0.7817361111111111 0.0301904296875 0.05939814814814815
9 0.07900634765625 0.8359027777777778 0.046923828125 0.07075462962962964
9 0.08183349609375 0.6810555555555555 0.01274169921875 0.029185185185185186
2 0.10859375 0.7030601851851851 0.027216796875 0.03432870370370371
4 0.11977294921875 0.7250138888888888 0.03240478515625 0.033865740740740745
2 0.172919921875 0.7162499999999999 0.02232421875 0.03707407407407407
9 0.149248046875 0.7221481481481481 0.02703857421875 0.05222685185185185
9 0.2508154296875 0.9595972222222222 0.04425048828125 0.08080555555555555
9 0.1942626953125 0.947925925925926 0.03786376953125 0.06352314814814815
3 0.3049560546875 0.9406388888888889 0.04010986328125 0.09576388888888888
9 0.26365234375 0.8895925925925926 0.03454345703125 0.049476851851851855
9 0.30031982421875 0.880912037037037 0.03282470703125 0.04831481481481482
9 0.2184912109375 0.8084027777777778 0.0353515625 0.08221759259259259
3 0.24070556640625 0.7815601851851852 0.0251025390625 0.09249074074074073
3 0.26666259765625 0.8239120370370371 0.02396728515625 0.046814814814814816
5 0.38225341796875 0.9538287037037037 0.0545458984375 0.09233796296296296
9 0.42349853515625 0.9625277777777778 0.0725537109375 0.07494444444444444
2 0.20203857421875 0.7578148148148148 0.0399755859375 0.046134259259259264
9 0.18748779296875 0.7982268518518519 0.04364501953125 0.07644444444444444
2 0.31306396484375 0.8074768518518519 0.0547265625 0.07789814814814815
2 0.25074951171875 0.7416157407407408 0.04128662109375 0.058277777777777776
2 0.186328125 0.6699953703703704 0.0267431640625 0.03507407407407408
2 0.16392578125 0.637462962962963 0.0191552734375 0.035208333333333335
2 0.13874267578125 0.6520601851851852 0.0190625 0.027935185185185188
2 0.377978515625 0.8340694444444444 0.0666162109375 0.08953703703703704
10 0.42528564453125 0.9143101851851853 0.09564208984375 0.1029537037037037
2 0.56010986328125 0.9494814814814815 0.108876953125 0.10104166666666667
2 0.69036865234375 0.9774351851851852 0.1042724609375 0.04512962962962963
3 0.63121826171875 0.9241712962962964 0.06276123046875 0.08141666666666668
9 0.69411865234375 0.8963796296296297 0.0687939453125 0.09762962962962962
9 0.531025390625 0.8718333333333333 0.04203369140625 0.07264351851851851
9 0.49058349609375 0.8782731481481482 0.035341796875 0.09050462962962963
9 0.43087158203125 0.8235740740740741 0.0201318359375 0.07182407407407407
8 0.75072265625 0.9091666666666667 0.019248046875 0.07585648148148148
10 0.3848486328125 0.7718240740740742 0.0444287109375 0.05269444444444444
8 0.1471728515625 0.9594537037037038 0.02035400390625 0.08109259259259259
8 0.00822021484375 0.7259212962962963 0.0117431640625 0.05047222222222222
2 0.0892431640625 0.6257175925925925 0.0172216796875 0.019296296296296298
2 0.09712646484375 0.6433194444444444 0.0157666015625 0.021842592592592594
9 0.07515380859375 0.7155277777777778 0.01565673828125 0.05047222222222222
9 0.08689453125 0.7415046296296297 0.0187890625 0.04601851851851852
8 0.5695166015625 0.8172175925925926 0.01330810546875 0.06383333333333333
8 0.52880859375 0.7853009259259259 0.01330810546875 0.053439814814814815
8 0.42860595703125 0.7415046296296297 0.0070458984375 0.03711111111111111
8 0.45130859375 0.7533842592592592 0.0117431640625 0.03711111111111111
8 0.5162841796875 0.7726805555555556 0.01017578125 0.04305092592592592
8 0.5025830078125 0.7756481481481482 0.01095947265625 0.051958333333333336
8 0.5941748046875 0.8276064814814815 0.0125244140625 0.05789351851851852
8 0.58282470703125 0.8365138888888889 0.00861083984375 0.06086574074074074
2 0.1272119140625 0.6420462962962963 0.0211376953125 0.019296296296296298
10 0.11155517578125 0.6019629629629629 0.024267578125 0.03711111111111111
2 0.0806640625 0.5816666666666667 0.0097265625 0.013231481481481481
10 0.162333984375 0.6885648148148148 0.0296826171875 0.03125925925925926
8 0.02478515625 0.7374305555555555 0.01051513671875 0.05476388888888889
9 0.117548828125 0.7659722222222223 0.0199072265625 0.04903703703703704
6 0.351455078125 0.913699074074074 0.04737060546875 0.07899999999999999
2 0.19584228515625 0.8819814814814815 0.06583740234375 0.0857824074074074
9 0.45889892578125 0.8056203703703704 0.031923828125 0.03984722222222222
3 0.1036279296875 0.6480833333333332 0.01328125 0.022236111111111113