2 0.22234635416666665 0.3818240740740741 0.15076562500000001 0.10099074074074073
2 0.4295963541666667 0.3985694444444444 0.13272395833333334 0.09898611111111111
2 0.5097213541666666 0.33243518518518517 0.06495052083333333 0.08736111111111111
2 0.7747057291666667 0.3463148148148148 0.08372135416666666 0.08372685185185184
2 0.8815859375 0.3436342592592593 0.0920078125 0.07845833333333334
2 0.7954036458333333 0.3029953703703704 0.06987499999999999 0.06474074074074074
2 0.9137187499999999 0.2805972222222222 0.07322916666666666 0.05518981481481481
8 0.26733854166666665 0.4656296296296296 0.032317708333333334 0.1142824074074074
8 0.2969557291666666 0.4972314814814815 0.0216484375 0.11913425925925925
2 0.8367864583333334 0.27108333333333334 0.07135156250000001 0.06047685185185185
6 0.16706510416666667 0.32714351851851853 0.029513020833333334 0.05402777777777778
3 0.13070052083333333 0.3282361111111111 0.028458333333333332 0.04872222222222222
2 0.7063307291666666 0.14706944444444445 0.014247395833333334 0.02798611111111111
2 0.72490625 0.1502175925925926 0.015033854166666666 0.027564814814814813
2 0.16569270833333333 0.1360185185185185 0.03884114583333333 0.031587962962962964
6 0.13160416666666666 0.14091666666666666 0.021348958333333334 0.022282407407407407
2 0.26748437500000005 0.12967129629629628 0.03921354166666667 0.02489814814814815
9 0.22345052083333333 0.12569444444444444 0.017674479166666666 0.03001851851851852