8 0.40252864583333337 0.9126990740740741 0.044643229166666666 0.17195833333333332
8 0.6058411458333333 0.8799583333333334 0.0420390625 0.20833333333333334
8 0.7170755208333334 0.9262546296296297 0.04724739583333334 0.1474861111111111
9 0.7282369791666666 0.7569444444444444 0.1238828125 0.1527777777777778
0 0.5809140625 0.6951064814814815 0.053200520833333334 0.060847222222222226
9 0.36309635416666663 0.7275138888888889 0.078125 0.09259259259259259
9 0.4358255208333333 0.7046944444444445 0.08370572916666667 0.125
9 0.4899557291666667 0.6822083333333333 0.03497135416666666 0.09722222222222222
8 0.49814062499999995 0.6957685185185185 0.015625 0.10449537037037038
8 0.5197161458333334 0.6944444444444444 0.013393229166666666 0.10714351851851853
8 0.31566145833333337 0.7582685185185185 0.021950520833333334 0.109125
2 0.5998880208333334 0.6560833333333334 0.10528385416666668 0.06745833333333334
9 0.6759661458333334 0.6319444444444444 0.04613020833333333 0.0628287037037037
1 0.40308854166666663 0.5747361111111111 0.18712760416666668 0.16799074074074075
1 0.8500755208333334 0.5730833333333333 0.22172656249999997 0.1660046296296296
8 0.87890625 0.7192453703703704 0.026414062500000002 0.12896759259259258
8 0.9032734375 0.7116388888888889 0.016369791666666668 0.12830555555555556
9 0.7667421875 0.6779120370370371 0.04315364583333334 0.034393518518518525
9 0.87109375 0.6183842592592593 0.021950520833333334 0.050263888888888886
9 0.5597109375 0.614087962962963 0.015252604166666666 0.02050462962962963
9 0.58984375 0.6094583333333333 0.008557291666666666 0.02050462962962963
2 0.3331484375 0.6478194444444444 0.04724739583333334 0.08928703703703704
9 0.247953125 0.688824074074074 0.024924479166666666 0.08531944444444443