8 0.03635498046875 0.952949074074074 0.0132275390625 0.08391666666666667
8 0.27400634765625 0.868449074074074 0.0139990234375 0.07699537037037037
8 0.318681640625 0.8471435185185184 0.01498291015625 0.0686712962962963
2 0.50396484375 0.8735416666666667 0.0528515625 0.0899537037037037
8 0.52362060546875 0.9578148148148149 0.0177001953125 0.07511111111111111
8 0.55706298828125 0.9272546296296296 0.02161376953125 0.09364351851851853
9 0.56585205078125 0.8740138888888889 0.02356689453125 0.05913888888888889
9 0.5386328125 0.8684583333333333 0.02185302734375 0.061921296296296294
3 0.66234375 0.979013888888889 0.06642822265625 0.04197222222222222
2 0.59048828125 0.8419537037037037 0.03760986328125 0.07187037037037038
9 0.607373046875 0.8462731481481481 0.0241845703125 0.038842592592592595
9 0.59907470703125 0.912800925925926 0.030205078125 0.09782407407407408
9 0.6314599609375 0.7944120370370371 0.01507568359375 0.04623611111111111
2 0.638662109375 0.7612314814814815 0.03647705078125 0.06011574074074074
2 0.66673583984375 0.7581435185185185 0.0259033203125 0.0354212962962963
9 0.42176025390625 0.7819907407407407 0.03245361328125 0.0661388888888889
3 0.558671875 0.8076111111111112 0.02393310546875 0.04793981481481481
8 0.0506591796875 0.9513888888888888 0.015869140625 0.0787037037037037
9 0.0164794921875 0.9583333333333334 0.032958984375 0.0787037037037037
8 0.2984619140625 0.8194444444444444 0.010986328125 0.06944444444444445
6 0.43701171875 0.9039351851851852 0.03173828125 0.0763888888888889
8 0.6756591796875 0.9270833333333334 0.018310546875 0.05787037037037037