8 0.245322265625 0.9166203703703704 0.027421875 0.1008287037037037
8 0.1825830078125 0.7554814814814814 0.018623046875 0.08874074074074075
2 0.6072998046875 0.9583333333333334 0.125732421875 0.08333333333333333
2 0.709228515625 0.9479166666666666 0.14892578125 0.10416666666666667
2 0.660400390625 0.8402777777777778 0.10009765625 0.10185185185185185
2 0.5120849609375 0.8657407407407407 0.079345703125 0.10185185185185185
3 0.4852294921875 0.9189814814814815 0.064697265625 0.14814814814814814
2 0.4815673828125 0.7581018518518519 0.057373046875 0.07175925925925926
2 0.3314208984375 0.7673611111111112 0.042724609375 0.08101851851851852
9 0.3558349609375 0.9039351851851852 0.042724609375 0.11805555555555555
9 0.3662109375 0.7488425925925926 0.02685546875 0.07175925925925926
9 0.3875732421875 0.7881944444444444 0.025634765625 0.0763888888888889
9 0.4241943359375 0.8495370370370371 0.035400390625 0.09259259259259259
9 0.413818359375 0.9351851851851852 0.08056640625 0.12962962962962962
8 0.3094482421875 0.9097222222222222 0.023193359375 0.10185185185185185
9 0.5621337890625 0.8425925925925926 0.047607421875 0.09722222222222222
9 0.5352783203125 0.7974537037037037 0.037841796875 0.07175925925925926
2 0.3033447265625 0.9768518518518519 0.179443359375 0.041666666666666664
2 0.4510498046875 0.6678240740740741 0.030517578125 0.07175925925925926
2 0.38818359375 0.6319444444444444 0.02685546875 0.046296296296296294
2 0.360107421875 0.6122685185185185 0.029296875 0.03009259259259259
2 0.3607177734375 0.6388888888888888 0.025634765625 0.013888888888888888
2 0.421142578125 0.6400462962962963 0.0244140625 0.03935185185185185
1 0.35833251953125 0.5916157407407407 0.032958984375 0.032407407407407406
3 0.4742431640625 0.6932870370370371 0.023193359375 0.05324074074074074
3 0.4766845703125 0.6655092592592593 0.023193359375 0.03009259259259259
9 0.416259765625 0.7523148148148148 0.01708984375 0.046296296296296294
9 0.44921875 0.7696759259259259 0.02685546875 0.06712962962962964
9 0.478515625 0.7986111111111112 0.03173828125 0.07407407407407407
9 0.55916748046875 0.7285555555555556 0.03168212890625 0.07797685185185185
9 0.794677734375 0.8888888888888888 0.078125 0.1527777777777778
9 0.870361328125 0.8784722222222222 0.078125 0.1087962962962963
9 0.9674072265625 0.9340277777777778 0.062255859375 0.13194444444444445
9 0.6268310546875 0.7407407407407407 0.030517578125 0.06944444444444445
6 0.6060791015625 0.7962962962962963 0.018310546875 0.06481481481481481
9 0.7717041015625 0.8191388888888889 0.0497998046875 0.10174074074074074
9 0.679931640625 0.7824074074074074 0.0537109375 0.0787037037037037
8 0.9075927734375 0.8148148148148148 0.018310546875 0.08796296296296297
8 0.29296875 0.8611111111111112 0.01953125 0.09259259259259259
9 0.60216796875 0.7345925925925926 0.03772705078125 0.07225925925925926
9 0.538330078125 0.6851851851851852 0.01708984375 0.05092592592592592
9 0.5039208984375 0.704375 0.027314453125 0.06615277777777777
9 0.65396484375 0.7493287037037036 0.0323291015625 0.07898148148148147
8 0.9478759765625 0.8101851851851852 0.018310546875 0.07407407407407407
8 0.9698486328125 0.8171296296296297 0.018310546875 0.07407407407407407
6 0.4327392578125 0.6979166666666666 0.015869140625 0.04861111111111111
3 0.56057373046875 0.642 0.01693359375 0.024217592592592593
3 0.52580810546875 0.6463935185185186 0.02466552734375 0.025194444444444446
9 0.55671142578125 0.6766574074074073 0.01641845703125 0.031027777777777776
9 0.6007470703125 0.6776388888888889 0.01692626953125 0.023217592592592592
9 0.5798876953125 0.6825185185185185 0.01641357421875 0.034930555555555555