9 0.13540771484375 0.9080462962962963 0.084736328125 0.1287777777777778
9 0.06837158203125 0.9416111111111112 0.082333984375 0.1167824074074074
7 0.0871484375 0.8359907407407408 0.067431640625 0.13537500000000002
6 0.19087158203125 0.8375833333333333 0.04736083984375 0.09366666666666666
5 0.21970458984375 0.8266064814814815 0.04100830078125 0.07389814814814814
2 0.254951171875 0.7879999999999999 0.07691650390625 0.0744861111111111
8 0.28331298828125 0.8022222222222222 0.01611328125 0.08387499999999999
8 0.32815673828125 0.7093194444444445 0.0109619140625 0.04792592592592593
3 0.33046630859375 0.8785416666666667 0.04963134765625 0.13114814814814812
3 0.35761474609375 0.8175694444444445 0.04091064453125 0.10461111111111111
9 0.37640380859375 0.7470277777777777 0.02476806640625 0.06589814814814815
9 0.38962646484375 0.7112916666666668 0.02004150390625 0.05385185185185185
9 0.36869873046875 0.6989398148148148 0.0188623046875 0.05022685185185185
6 0.41931396484375 0.6876203703703704 0.01228515625 0.05032407407407408
8 0.44773681640625 0.7103148148148148 0.01024658203125 0.06165277777777777
8 0.44909423828125 0.6679351851851852 0.007265625 0.039342592592592596
9 0.3966845703125 0.6361157407407407 0.01263916015625 0.04124074074074074
9 0.60345703125 0.9224953703703703 0.05098876953125 0.12785185185185186
2 0.6265380859375 0.8732916666666667 0.08109619140625 0.12440277777777776
7 0.57284912109375 0.7505092592592593 0.045498046875 0.11038425925925927
5 0.72304443359375 0.9538657407407407 0.06905517578125 0.0714074074074074
5 0.79908447265625 0.9731249999999999 0.07859130859375 0.05375462962962963
8 0.31623046875 0.7711851851851852 0.01364501953125 0.07962962962962963
9 0.46273681640625 0.6320370370370371 0.01157958984375 0.035226851851851856
8 0.4095263671875 0.6476574074074074 0.009912109375 0.029722222222222223
8 0.32646728515625 0.7755648148148149 0.01152099609375 0.06757407407407408
8 0.30068115234375 0.7905509259259259 0.01513671875 0.07875
8 0.27522705078125 0.7242500000000001 0.01031494140625 0.05436111111111111
9 0.41341064453125 0.6217453703703704 0.01152099609375 0.03175462962962963
3 0.42694091796875 0.6283518518518518 0.01393310546875 0.0342962962962963
8 0.2096533203125 0.7581620370370371 0.01419921875 0.07443055555555556
8 0.2190966796875 0.7270462962962964 0.00870849609375 0.06858796296296296
8 0.233095703125 0.7242500000000001 0.0125927734375 0.06503240740740741
8 0.1223291015625 0.7675277777777777 0.010400390625 0.06860648148148148
8 0.1119287109375 0.7606666666666666 0.010400390625 0.0514537037037037