9 0.2681494140625 0.9703703703703703 0.067216796875 0.05925925925925926
8 0.09787353515625 0.9480879629629629 0.01958251953125 0.10382407407407407
8 0.22872314453125 0.8973842592592592 0.02644287109375 0.13300925925925927
8 0.35908447265625 0.8415925925925926 0.02450927734375 0.08718518518518519
8 0.4773583984375 0.7728333333333333 0.019892578125 0.0672962962962963
0 0.53765625 0.8108009259259259 0.02380615234375 0.08395370370370371
9 0.5983203125 0.7813981481481481 0.03187255859375 0.08720370370370371
9 0.62407470703125 0.7360231481481482 0.02430908203125 0.07610185185185185
6 0.6482421875 0.7605648148148147 0.02724365234375 0.05942592592592593
2 0.70805419921875 0.7385694444444444 0.0565478515625 0.08026851851851852
2 0.6969482421875 0.9182870370370371 0.088525390625 0.14953703703703702
3 0.782998046875 0.9025000000000001 0.04826171875 0.13647685185185185
2 0.772744140625 0.7471342592592592 0.03947021484375 0.0862824074074074
8 0.8509228515625 0.7470231481481481 0.01397216796875 0.03187962962962963
9 0.8337548828125 0.7249490740740742 0.0173876953125 0.06676388888888889
9 0.6184423828125 0.6690787037037037 0.05413330078125 0.0859212962962963
9 0.6579052734375 0.6749444444444445 0.0158935546875 0.05566666666666666
9 0.67922607421875 0.6872916666666666 0.0351025390625 0.04331481481481481
9 0.708232421875 0.6563472222222222 0.01639892578125 0.04348148148148148
3 0.724794921875 0.6721666666666667 0.02208984375 0.030356481481481477
2 0.7544970703125 0.6815833333333333 0.035927734375 0.05165277777777778
8 0.6048583984375 0.7199074074074074 0.015869140625 0.05092592592592592
8 0.550537109375 0.7141203703703703 0.0146484375 0.05787037037037037
1 0.888671875 0.8784722222222222 0.2197265625 0.24305555555555555