8 0.0309814453125 0.7828935185185185 0.02826416015625 0.12114814814814816
8 0.078037109375 0.7761342592592593 0.0211669921875 0.1061111111111111
7 0.2109130859375 0.8163981481481482 0.0250390625 0.11665277777777777
9 0.15019775390625 0.7855092592592593 0.04414306640625 0.12230092592592594
9 0.26963134765625 0.9860601851851851 0.070439453125 0.02787962962962963
9 0.279189453125 0.9116805555555556 0.07728515625 0.1766388888888889
2 0.25833984375 0.7233472222222223 0.07164794921875 0.10251388888888889
3 0.2181689453125 0.6696203703703704 0.0293359375 0.06592592592592593
9 0.1835498046875 0.7278518518518519 0.03593994140625 0.09797222222222222
9 0.1116162109375 0.7164398148148148 0.02739990234375 0.08549537037037036
9 0.1229248046875 0.6752268518518518 0.0243505859375 0.061106481481481484
9 0.1572900390625 0.6951388888888889 0.02488037109375 0.06618055555555555
7 0.126904296875 0.7498657407407407 0.034775390625 0.09061574074074073
6 0.3531201171875 0.704587962962963 0.02694580078125 0.06287962962962963
6 0.32146484375 0.7124583333333334 0.02352294921875 0.08170833333333334
3 0.283388671875 0.6950416666666667 0.03980712890625 0.07703703703703704
3 0.40609375 0.6923935185185185 0.04306640625 0.07244444444444444
6 0.4665234375 0.7433935185185185 0.0277734375 0.09545833333333333
9 0.4568994140625 0.7028611111111112 0.03246826171875 0.08592592592592592
1 0.63003173828125 0.7120046296296296 0.296552734375 0.3832824074074074
2 0.58768310546875 0.9302175925925926 0.2341162109375 0.1395648148148148
9 0.5457763671875 0.9489166666666666 0.0931982421875 0.1021712962962963
3 0.37843017578125 0.8057731481481482 0.07969970703125 0.13170833333333334
6 0.24074462890625 0.634212962962963 0.01122802734375 0.044375
9 0.219248046875 0.6246342592592593 0.01573974609375 0.031101851851851856
9 0.80185791015625 0.7854305555555555 0.06181884765625 0.1308425925925926
8 0.859091796875 0.7392916666666666 0.0239306640625 0.09605092592592593
9 0.31904296875 0.6400370370370371 0.0166064453125 0.05163425925925926
9 0.33198486328125 0.6851481481481482 0.02393798828125 0.08057407407407408
6 0.35420166015625 0.678337962962963 0.01510986328125 0.05390277777777778
0 0.3704345703125 0.700324074074074 0.01675537109375 0.07631481481481482
2 0.11749267578125 0.6304722222222222 0.0306396484375 0.03573611111111111
9 0.08839111328125 0.6155231481481481 0.02653564453125 0.03549074074074074
9 0.06358642578125 0.6359444444444445 0.01281982421875 0.038407407407407404
3 0.11326171875 0.5940092592592592 0.01089599609375 0.024064814814814813
9 0.103837890625 0.5982638888888889 0.00923095703125 0.02674074074074074
6 0.1591552734375 0.6388611111111111 0.012177734375 0.045703703703703705