6 0.4408251953125 0.8310185185185185 0.03570556640625 0.046296296296296294
9 0.43701171875 0.8972824074074075 0.0787353515625 0.13368055555555555
8 0.7952880859375 0.8304398148148148 0.030517578125 0.09837962962962964
8 0.831298828125 0.8211805555555556 0.008544921875 0.08680555555555555
8 0.87860107421875 0.8067129629629629 0.0152587890625 0.09490740740740741
8 0.8465576171875 0.8116342592592594 0.0128173828125 0.10590277777777778
8 0.85373046875 0.8116342592592594 0.01068115234375 0.10358796296296297
6 0.77010986328125 0.6412037037037037 0.00946044921875 0.04050925925925926
6 0.71319580078125 0.6475694444444444 0.0128173828125 0.04513888888888889
9 0.69244384765625 0.6762175925925926 0.025634765625 0.06655092592592593
3 0.67703369140625 0.6542268518518519 0.02960205078125 0.045717592592592594
7 0.79681396484375 0.671587962962963 0.0146484375 0.041087962962962965
1 0.78582763671875 0.5746527777777778 0.020751953125 0.03125
2 0.7232666015625 0.59375 0.028076171875 0.023148148148148147
2 0.7582080078125 0.5807314814814816 0.01861572265625 0.015625
2 0.68893310546875 0.609375 0.03326416015625 0.02546296296296296