1 0.3234619140625 0.8796527777777777 0.22985595703125 0.24069444444444443
1 0.5130029296875 0.8202314814814815 0.09102294921875 0.24308333333333332
9 0.6658251953125 0.9437361111111111 0.03643798828125 0.1125324074074074
9 0.6461181640625 0.9080833333333334 0.03086181640625 0.10179166666666667
8 0.68127685546875 0.8962546296296297 0.017919921875 0.074375
6 0.665146484375 0.8537314814814815 0.01969970703125 0.06788888888888889
10 0.3832666015625 0.721037037037037 0.0283740234375 0.04870370370370371
0 0.46781005859375 0.7198055555555556 0.007294921875 0.04172685185185185
9 0.4529150390625 0.6778796296296297 0.0092041015625 0.035277777777777776
9 0.4346240234375 0.688125 0.013134765625 0.037064814814814814
3 0.5941650390625 0.7422638888888888 0.022119140625 0.034726851851851856
0 0.4638720703125 0.7124444444444445 0.00548583984375 0.03966666666666667
2 0.57325927734375 0.6829398148148148 0.01984619140625 0.02489814814814815
2 0.5769384765625 0.672875 0.0172802734375 0.022449074074074076
2 0.584521484375 0.6518888888888889 0.01702880859375 0.02262962962962963
10 0.59769287109375 0.8918333333333333 0.0690966796875 0.21633333333333332
6 0.66633544921875 0.7557407407407408 0.01672607421875 0.057375
6 0.6507666015625 0.7299351851851852 0.01098876953125 0.049055555555555554
8 0.6624951171875 0.6935833333333333 0.00830322265625 0.04261574074074074
9 0.62985107421875 0.7630555555555556 0.01859375 0.054726851851851846
8 0.69156982421875 0.7821435185185186 0.01299072265625 0.06639351851851852
8 0.72622802734375 0.9129490740740741 0.0137158203125 0.09813425925925925
9 0.62889892578125 0.6837777777777778 0.0118115234375 0.01747685185185185
2 0.59805908203125 0.6874351851851851 0.02151123046875 0.028666666666666667
3 0.58746337890625 0.6982962962962963 0.0160888671875 0.02699074074074074
3 0.626044921875 0.6708842592592592 0.01401123046875 0.02262037037037037
6 0.6494384765625 0.6997592592592593 0.01043701171875 0.04048611111111111
9 0.6204931640625 0.7089398148148148 0.01169677734375 0.03770833333333334
2 0.61243408203125 0.6333425925925926 0.01248779296875 0.017819444444444447
2 0.60448974609375 0.6199907407407408 0.0098876953125 0.014560185185185185
3 0.6135009765625 0.6142638888888888 0.0069921875 0.017907407407407407
5 0.5277587890625 0.6456666666666667 0.008525390625 0.02751851851851852
8 0.41517822265625 0.7755972222222222 0.01174072265625 0.03718055555555556
8 0.39715576171875 0.7805000000000001 0.00873779296875 0.029837962962962965
8 0.36936767578125 0.7846574074074074 0.0094873046875 0.019731481481481482
8 0.33845703125 0.7742546296296297 0.01296142578125 0.02722222222222222
9 0.310107421875 0.7519537037037037 0.02463134765625 0.05289814814814815
8 0.3868115234375 0.7773240740740741 0.0114501953125 0.03535648148148148
9 0.3812060546875 0.754199074074074 0.02073486328125 0.049805555555555554
8 0.52022216796875 0.6569166666666667 0.004716796875 0.02775925925925926
8 0.4620849609375 0.6839074074074074 0.0060302734375 0.03641666666666667
8 0.457216796875 0.6841111111111111 0.0052001953125 0.03701851851851851
6 0.52369873046875 0.6370509259259259 0.00442138671875 0.021583333333333333
9 0.519091796875 0.6421527777777778 0.00801025390625 0.03033333333333333
2 0.59033203125 0.6422777777777777 0.01439697265625 0.0255
9 0.637724609375 0.8513888888888889 0.0195703125 0.09333796296296297
8 0.6319775390625 0.6227175925925925 0.00423828125 0.019722222222222224
8 0.6509619140625 0.6400648148148148 0.00363037109375 0.022847222222222224
8 0.0100537109375 0.9585231481481481 0.02010986328125 0.08294907407407406
8 0.01904052734375 0.9316435185185185 0.01028076171875 0.0793287037037037
9 0.40836181640625 0.7376574074074074 0.01953857421875 0.050666666666666665
8 0.44671875 0.8404675925925926 0.013701171875 0.08855555555555555
3 0.64599609375 0.9792314814814814 0.0523681640625 0.04153703703703704
8 0.70618896484375 0.9004212962962963 0.0142919921875 0.07346296296296297
8 0.6798291015625 0.8214490740740741 0.01547607421875 0.06658796296296297
9 0.56716552734375 0.7521712962962963 0.02232666015625 0.06306944444444444
8 0.686904296875 0.7369398148148149 0.0093896484375 0.052287037037037035
8 0.695234375 0.818962962962963 0.008759765625 0.0702962962962963
6 0.6445947265625 0.7865185185185186 0.01156005859375 0.05709259259259259
3 0.61911376953125 0.7589907407407408 0.02209716796875 0.06451388888888888
3 0.63320556640625 0.6460185185185185 0.01115966796875 0.025578703703703704
2 0.56745361328125 0.6998796296296297 0.0238037109375 0.03586574074074074
2 0.60855224609375 0.6617222222222222 0.018212890625 0.023268518518518518
9 0.53492431640625 0.6385462962962963 0.00662353515625 0.02546759259259259
2 0.58974365234375 0.6685416666666667 0.01718505859375 0.027337962962962963
2 0.59184814453125 0.771875 0.03984375 0.03440277777777778
9 0.6378564453125 0.7348472222222222 0.016220703125 0.05707870370370371
9 0.63204345703125 0.7852037037037037 0.01869384765625 0.04116666666666667
9 0.60053955078125 0.650550925925926 0.00837890625 0.022754629629629628
6 0.6031640625 0.7100462962962963 0.00914794921875 0.03518981481481482
9 0.58335693359375 0.7286111111111111 0.01558349609375 0.05659722222222222