2 0.175126953125 0.8922916666666666 0.22525390625 0.14597222222222223
3 0.11521240234375 0.8277175925925926 0.09965576171875 0.08135648148148147
9 0.2845068359375 0.8048009259259259 0.07844970703125 0.12811574074074075
9 0.214443359375 0.807574074074074 0.0598828125 0.09662962962962963
9 0.37385498046875 0.7554814814814814 0.07553466796875 0.07114814814814815
9 0.45880859375 0.7864861111111111 0.06919921875 0.09831944444444445
9 0.59063232421875 0.795287037037037 0.0521337890625 0.09924074074074074
5 0.53485107421875 0.7763055555555555 0.0733642578125 0.09091203703703704
2 0.39314453125 0.851537037037037 0.1785546875 0.13949074074074075
9 0.594599609375 0.6980925925925926 0.04810791015625 0.08220833333333333
9 0.543740234375 0.6771018518518518 0.05053955078125 0.07480555555555556
2 0.632763671875 0.6900787037037037 0.07106201171875 0.07460185185185185
9 0.6400048828125 0.7221851851851853 0.045185546875 0.10177777777777777
3 0.68394775390625 0.7530370370370371 0.067978515625 0.09423148148148147
9 0.72927001953125 0.7408611111111111 0.02453125 0.09900462962962962
9 0.767802734375 0.7567592592592592 0.055703125 0.11228240740740741
9 0.8150390625 0.7568935185185186 0.04505126953125 0.1004074074074074
2 0.78997802734375 0.6522546296296295 0.108193359375 0.0720324074074074
2 0.7867236328125 0.6871435185185185 0.07564453125 0.028606481481481483
9 0.8904736328125 0.7502777777777777 0.061826171875 0.11475
1 0.93831298828125 0.6428287037037037 0.12337158203125 0.21125462962962963
2 0.63985107421875 0.6318888888888889 0.06142578125 0.03538425925925926
2 0.0115966796875 0.9409722222222222 0.020751953125 0.09953703703703703
9 0.0225830078125 0.84375 0.040283203125 0.11805555555555555
8 0.4876708984375 0.7407407407407407 0.020751953125 0.08796296296296297
2 0.69091796875 0.6747685185185185 0.04150390625 0.034722222222222224
6 0.484619140625 0.6724537037037037 0.01220703125 0.03935185185185185