6 0.0362548828125 0.8023842592592593 0.072509765625 0.21010648148148148
9 0.117021484375 0.9037037037037037 0.1671875 0.1925925925925926
9 0.17337890625 0.8614861111111111 0.16187744140625 0.2770324074074074
6 0.11678466796875 0.6861064814814815 0.06598388671875 0.1386851851851852
9 0.209384765625 0.6235231481481481 0.05812744140625 0.12053703703703704
9 0.16394287109375 0.6259490740740741 0.04580322265625 0.11220833333333334
2 0.34301025390625 0.6913425925925926 0.14244384765625 0.14997685185185183
9 0.38147705078125 0.5859398148148148 0.04093505859375 0.08214351851851852
9 0.26978271484375 0.5653842592592593 0.02267822265625 0.06584259259259259
9 0.2555126953125 0.5486481481481481 0.01651611328125 0.053009259259259256
9 0.3039453125 0.5276157407407408 0.0136279296875 0.03939814814814815
9 0.59214111328125 0.8043101851851852 0.07803955078125 0.2887638888888889
9 0.47672119140625 0.7228287037037037 0.05197509765625 0.204
5 0.54184814453125 0.630337962962963 0.04453369140625 0.17374537037037038
3 0.46169677734375 0.6472361111111111 0.04904541015625 0.12280555555555556
3 0.47919677734375 0.5730046296296296 0.03802734375 0.045967592592592595
2 0.63338134765625 0.5391527777777777 0.0334619140625 0.046162037037037036
9 0.66253173828125 0.5587916666666667 0.02238525390625 0.06950462962962962
9 0.71307861328125 0.5851620370370371 0.0387109375 0.08645370370370371
9 0.626796875 0.5097592592592592 0.0123974609375 0.03278703703703703
8 0.7726904296875 0.5829166666666666 0.0166357421875 0.06652777777777777
9 0.436259765625 0.5381944444444444 0.03471923828125 0.047518518518518515
6 0.28768798828125 0.5449120370370371 0.00924560546875 0.04494907407407408
3 0.26843017578125 0.518074074074074 0.01258544921875 0.028300925925925927
2 0.2454150390625 0.5014027777777778 0.00984375 0.015819444444444445
1 0.26551513671875 0.49161111111111117 0.01495849609375 0.03180555555555556
9 0.3812548828125 0.548074074074074 0.03812744140625 0.05876851851851852
8 0.56778564453125 0.5216620370370371 0.0070458984375 0.03466203703703704
8 0.8434619140625 0.6087962962962963 0.025087890625 0.10736111111111112
8 0.57945556640625 0.5032037037037037 0.00559326171875 0.028606481481481483
8 0.5904736328125 0.5001527777777778 0.0059326171875 0.028287037037037038