9 0.572353515625 0.9613796296296296 0.0413623046875 0.07724074074074075
9 0.57876708984375 0.8588287037037037 0.03304443359375 0.12214814814814813
3 0.5984765625 0.7494259259259259 0.0292822265625 0.079875
2 0.60859375 0.6876574074074073 0.0316259765625 0.06587962962962964
7 0.57846435546875 0.6675601851851852 0.01489990234375 0.042208333333333334
10 0.68325439453125 0.8997592592592593 0.0898095703125 0.20048148148148148
2 0.69409423828125 0.7676342592592592 0.042587890625 0.07044444444444445
2 0.772177734375 0.8059675925925927 0.0501611328125 0.08861574074074074
2 0.75385009765625 0.7511527777777778 0.05831298828125 0.07208333333333333
2 0.73295654296875 0.6943981481481482 0.034443359375 0.07082870370370371
2 0.67368408203125 0.7175370370370371 0.04996337890625 0.06129166666666666
2 0.65099853515625 0.6965787037037037 0.03227294921875 0.055851851851851854
6 0.88382568359375 0.7266435185185185 0.02126220703125 0.0742638888888889
2 0.9239306640625 0.6654583333333334 0.04757568359375 0.048962962962962965
3 0.6814990234375 0.6647314814814814 0.0199560546875 0.04499074074074074
2 0.6928857421875 0.6294351851851852 0.02425537109375 0.03339351851851852
2 0.67263916015625 0.6153240740740741 0.017783203125 0.029902777777777778
9 0.81572998046875 0.6433055555555556 0.018017578125 0.0509074074074074
9 0.85527587890625 0.6483611111111112 0.01918701171875 0.05057407407407407
2 0.8424853515625 0.618925925925926 0.0268798828125 0.03257870370370371
2 0.68212646484375 0.5955277777777778 0.01247314453125 0.02298148148148148
3 0.762080078125 0.7065972222222222 0.025205078125 0.051180555555555556
2 0.71806884765625 0.6816851851851852 0.029892578125 0.05623148148148148
3 0.6852587890625 0.6702777777777778 0.02000732421875 0.03839351851851852
10 0.6956201171875 0.5983518518518519 0.01595947265625 0.031842592592592596
9 0.71491455078125 0.608175925925926 0.0131005859375 0.03523148148148148
3 0.69267333984375 0.6037916666666667 0.01353759765625 0.01650462962962963
2 0.6635888671875 0.5985 0.01472900390625 0.022569444444444444
2 0.67708984375 0.5822083333333333 0.01257080078125 0.018476851851851852
2 0.68586669921875 0.5679629629629629 0.00974365234375 0.017069444444444443
2 0.70037109375 0.5891898148148148 0.01629150390625 0.018902777777777775
2 0.66247314453125 0.5843935185185185 0.01100830078125 0.018337962962962962
2 0.6740380859375 0.5727592592592593 0.01316650390625 0.02722222222222222
2 0.6425 0.6238194444444445 0.01896728515625 0.03794444444444444
10 0.65012451171875 0.6546388888888889 0.02558837890625 0.052189814814814814
3 0.620380859375 0.6578425925925926 0.01879150390625 0.048902777777777774
2 0.68093017578125 0.5533101851851853 0.01166748046875 0.01350462962962963
9 0.82719970703125 0.6396574074074074 0.01219970703125 0.04540277777777778
8 0.8864892578125 0.6533101851851852 0.00742431640625 0.04281481481481482
9 0.861826171875 0.6273009259259259 0.0146240234375 0.04281481481481482
9 0.81291748046875 0.6246435185185185 0.016669921875 0.03663888888888889
9 0.7511669921875 0.5734212962962962 0.0086376953125 0.022699074074074073
6 0.74408203125 0.5768703703703704 0.00507568359375 0.020976851851851854
2 0.7043798828125 0.5471296296296296 0.00795654296875 0.017814814814814815