2 0.61625244140625 0.7824074074074074 0.07527587890625 0.05864351851851852
2 0.6427001953125 0.7283935185185185 0.05818603515625 0.040125
2 0.899658203125 0.5914351851851852 0.009765625 0.02546296296296296
3 0.7916259765625 0.7654305555555555 0.035400390625 0.08950462962962964
3 0.84004638671875 0.6875 0.02238037109375 0.05864351851851852
3 0.87300537109375 0.6261574074074074 0.01424072265625 0.03781018518518518
9 0.87117431640625 0.8333333333333334 0.03092529296875 0.1049398148148148
6 0.37577392578125 0.9027777777777778 0.042724609375 0.06327314814814815
9 0.50822021484375 0.7627314814814815 0.03255126953125 0.0686712962962963
0 0.4248046875 0.8414351851851852 0.03010986328125 0.08410648148148148
0 0.5706787109375 0.7399675925925926 0.01505615234375 0.06944444444444445
8 0.43965576171875 0.7445972222222222 0.01179931640625 0.05401388888888889
8 0.65449951171875 0.8908194444444445 0.02156494140625 0.09490740740740741
9 0.76761962890625 0.6230694444444445 0.010986328125 0.03626388888888889
9 0.74951171875 0.6315601851851852 0.01383544921875 0.03626388888888889
9 0.8013916015625 0.6010787037037036 0.006103515625 0.021606481481481483
6 0.89253662109375 0.6033935185185185 0.00529052734375 0.027777777777777776
2 0.841064453125 0.5837175925925926 0.009765625 0.01929166666666667
9 0.24007080078125 0.9421296296296297 0.0830078125 0.11574074074074074
8 0.68318603515625 0.7908935185185185 0.01220703125 0.06635648148148149