9 0.24819091796875 0.9576944444444444 0.05634033203125 0.08461111111111111
9 0.19391845703125 0.9529398148148148 0.05618408203125 0.09412037037037038
9 0.2828515625 0.9054861111111111 0.0521142578125 0.11553703703703704
9 0.23335205078125 0.8945277777777778 0.03726806640625 0.09609722222222222
9 0.2067333984375 0.8600324074074075 0.04209228515625 0.11325925925925925
6 0.163125 0.8857453703703704 0.04434814453125 0.08406944444444445
9 0.2913134765625 0.8593703703703703 0.0414892578125 0.07034722222222221
9 0.29506103515625 0.8004398148148149 0.03878173828125 0.0792962962962963
3 0.328251953125 0.7667222222222222 0.01475830078125 0.05881018518518519
7 0.35365234375 0.742087962962963 0.03087646484375 0.10224537037037036
6 0.37146728515625 0.7637037037037037 0.01637451171875 0.06089351851851852
9 0.3911572265625 0.7979583333333333 0.02775390625 0.09051851851851853
8 0.39213134765625 0.7493703703703705 0.01126220703125 0.046217592592592595
2 0.35985107421875 0.7201990740740741 0.0677099609375 0.04191203703703704
9 0.4260009765625 0.7126064814814815 0.026826171875 0.051722222222222225
9 0.44695556640625 0.6743657407407407 0.0133984375 0.04051388888888889
9 0.46154052734375 0.6441018518518519 0.01099853515625 0.02940740740740741
9 0.43417724609375 0.6437962962962962 0.0106298828125 0.028787037037037038
8 0.48027587890625 0.6929074074074074 0.01141845703125 0.04472222222222222
8 0.51239990234375 0.677587962962963 0.00665283203125 0.03878703703703704
3 0.5248681640625 0.7140092592592593 0.0202001953125 0.050527777777777776
9 0.467666015625 0.836486111111111 0.0617236328125 0.10098611111111111
9 0.48312255859375 0.6426342592592592 0.018740234375 0.031875
2 0.50286865234375 0.651875 0.0153173828125 0.03660185185185185
2 0.515322265625 0.6443240740740741 0.013232421875 0.02564814814814815
6 0.5394287109375 0.6588611111111111 0.00909423828125 0.03401851851851852
2 0.37224853515625 0.6401990740740741 0.0338134765625 0.02761574074074074
9 0.56444091796875 0.8093657407407407 0.0318701171875 0.0893287037037037
8 0.5451708984375 0.7872916666666666 0.01115966796875 0.0637037037037037
9 0.55540283203125 0.7685231481481481 0.01640380859375 0.05889814814814815
3 0.577822265625 0.7636851851851851 0.02615234375 0.06625925925925927
3 0.57552490234375 0.7187268518518519 0.0186279296875 0.029583333333333333
3 0.56386962890625 0.7160648148148149 0.02363037109375 0.040462962962962964
9 0.560224609375 0.7060833333333334 0.015224609375 0.04825462962962963
9 0.57371337890625 0.6824212962962963 0.01136474609375 0.04043055555555555
3 0.58425048828125 0.6660601851851852 0.01427001953125 0.021310185185185185
7 0.59155517578125 0.7066990740740741 0.02497802734375 0.06849537037037036
9 0.61458251953125 0.7389768518518519 0.0301904296875 0.04796759259259259
8 0.63639404296875 0.7268287037037037 0.01114990234375 0.05451388888888889
8 0.6556298828125 0.7602222222222222 0.010244140625 0.05825925925925926
5 0.61140625 0.7989999999999999 0.03093994140625 0.050666666666666665
9 0.61755859375 0.883337962962963 0.04009033203125 0.11343055555555555
6 0.66856689453125 0.8511805555555555 0.03586181640625 0.07296296296296297
3 0.68912109375 0.8715787037037036 0.0493896484375 0.09149537037037037
9 0.7129833984375 0.9262222222222223 0.072197265625 0.13595833333333335
6 0.7399365234375 0.8711944444444444 0.0379345703125 0.08205092592592592
9 0.52989990234375 0.9760648148148149 0.06077392578125 0.047875
6 0.58857177734375 0.9436435185185185 0.04027099609375 0.11271759259259259
9 0.688828125 0.9564537037037038 0.063203125 0.0870925925925926
9 0.79510986328125 0.9495092592592593 0.08794189453125 0.10098148148148148
3 0.8981982421875 0.9505833333333334 0.107607421875 0.09883333333333333
8 0.88493896484375 0.8700462962962963 0.019873046875 0.07602314814814815
8 0.91626220703125 0.8788379629629629 0.01318359375 0.06889814814814814
6 0.05272705078125 0.9543333333333334 0.05655517578125 0.09133333333333334
8 0.41031982421875 0.7528981481481481 0.00831298828125 0.05439814814814815
8 0.40078369140625 0.7501157407407407 0.009453125 0.04203240740740741
8 0.7207275390625 0.7788564814814815 0.0097802734375 0.06243055555555555
8 0.65675537109375 0.7360509259259259 0.00798583984375 0.04975925925925926
5 0.6418701171875 0.8305 0.03294189453125 0.05326851851851852
0 0.56099609375 0.6400185185185185 0.00922119140625 0.02887962962962963
2 0.57343017578125 0.6266574074074074 0.019375 0.024953703703703704
9 0.46779541015625 0.6243333333333333 0.0140576171875 0.025421296296296296
8 0.61116455078125 0.7648981481481482 0.01080322265625 0.034555555555555555