8 0.30598876953125 0.684800925925926 0.00895263671875 0.05169907407407408
8 0.32267333984375 0.6886574074074074 0.01139404296875 0.05169907407407408
8 0.58817626953125 0.6489212962962964 0.00691650390625 0.05246759259259259
8 0.577392578125 0.6381157407407407 0.00813720703125 0.05092592592592592
8 0.60953857421875 0.6651250000000001 0.00813720703125 0.05246759259259259
8 0.66569091796875 0.7820231481481482 0.0146484375 0.10570833333333333
9 0.56254150390625 0.7824074074074074 0.04679443359375 0.11419907407407406
9 0.54911376953125 0.6458333333333334 0.02726318359375 0.06481481481481481
9 0.38737060546875 0.6404305555555555 0.01627685546875 0.05709722222222222
9 0.4486083984375 0.7106481481481481 0.03214599609375 0.07098611111111111
2 0.47139404296875 0.6743842592592593 0.04191162109375 0.05555555555555555
0 0.6427001953125 0.7079490740740741 0.020751953125 0.07175925925925926
5 0.67057373046875 0.6929027777777778 0.03336669921875 0.06790277777777777
8 0.6890869140625 0.6662824074074074 0.00935791015625 0.054782407407407405
8 0.70882080078125 0.6678240740740741 0.00813720703125 0.04861111111111111
6 0.72306396484375 0.9043194444444445 0.05045654296875 0.10956944444444444
9 0.79427001953125 0.7820231481481482 0.05859375 0.12577314814814816
9 0.75459716796875 0.9737638888888889 0.11759521484375 0.04938425925925926