10 0.4510498046875 0.8969907407407407 0.093994140625 0.20601851851851852
10 0.4949951171875 0.7673611111111112 0.054931640625 0.09490740740740741
10 0.3961181640625 0.6898148148148148 0.054931640625 0.09259259259259259
10 0.5841064453125 0.9085648148148148 0.125732421875 0.18287037037037038
7 0.6951904296875 0.9178240740740741 0.201416015625 0.15046296296296297
9 0.2716064453125 0.9803240740740741 0.047607421875 0.03935185185185185
9 0.27587890625 0.9166666666666666 0.048828125 0.046296296296296294
6 0.269775390625 0.8344907407407407 0.01708984375 0.1087962962962963
6 0.301513671875 0.8217592592592593 0.01708984375 0.09722222222222222
6 0.3631591796875 0.8391203703703703 0.018310546875 0.09027777777777778
3 0.325927734375 0.8946759259259259 0.04150390625 0.13194444444444445
3 0.3546142578125 0.9756944444444444 0.064697265625 0.04861111111111111
10 0.3546142578125 0.7731481481481481 0.050048828125 0.10185185185185185
2 0.4913330078125 0.6493055555555556 0.040283203125 0.04398148148148148
3 0.3291015625 0.725925925925926 0.033203125 0.07222222222222222
7 0.28748291015625 0.7662037037037037 0.05485107421875 0.08981481481481482
2 0.4245751953125 0.7652777777777777 0.0458984375 0.05462962962962963
2 0.4709619140625 0.7342592592592593 0.041015625 0.06851851851851852
6 0.559814453125 0.7856481481481481 0.01025390625 0.06018518518518518
6 0.53369140625 0.7722222222222223 0.013671875 0.08703703703703704
8 0.45166015625 0.6861111111111111 0.0078125 0.053703703703703705
10 0.467529296875 0.6134259259259259 0.02392578125 0.03425925925925926
2 0.431884765625 0.6185185185185185 0.01220703125 0.03518518518518519