2 0.55826904296875 0.7507731481481482 0.07975341796875 0.09105092592592592
9 0.5029296875 0.7619583333333333 0.03743408203125 0.10107870370370371
9 0.69356201171875 0.899587962962963 0.08015869140625 0.1463935185185185
9 0.66447021484375 0.7010046296296296 0.03580810546875 0.0887361111111111
0 0.54341552734375 0.6408194444444445 0.01179931640625 0.05787037037037037
9 0.4998779296875 0.6134259259259259 0.020751953125 0.05092592592592592
9 0.406494140625 0.6577916666666667 0.0244140625 0.06095833333333333
8 0.628662109375 0.7461435185185186 0.01302001953125 0.09413425925925926
8 0.60343505859375 0.6450601851851852 0.009765625 0.05555555555555555
8 0.594482421875 0.6323287037037036 0.00732421875 0.05324074074074074
8 0.68562744140625 0.6547083333333333 0.01057861328125 0.05632870370370371
8 0.623779296875 0.6631944444444444 0.00732421875 0.05787037037037037
8 0.70658447265625 0.65625 0.00529052734375 0.04861111111111111
3 0.70454833984375 0.8414351851851852 0.07853271484375 0.14274537037037036
8 0.3985595703125 0.9390416666666667 0.02644775390625 0.11882870370370371