9 0.16988037109375 0.933949074074074 0.07150634765625 0.09974537037037036
9 0.08603515625 0.9488379629629629 0.05394775390625 0.10231944444444444
9 0.0252734375 0.9541944444444445 0.050546875 0.09161111111111112
8 0.35258544921875 0.889462962962963 0.01521728515625 0.07200462962962963
9 0.41223876953125 0.8257129629629629 0.03751953125 0.0771388888888889
9 0.38874755859375 0.8148657407407407 0.03415771484375 0.07047222222222223
2 0.484853515625 0.9452268518518518 0.08333251953125 0.1095462962962963
10 0.543046875 0.8611064814814815 0.07986083984375 0.10277777777777777
2 0.5872900390625 0.9025833333333333 0.05912109375 0.09776388888888889
9 0.54334716796875 0.9646018518518519 0.0395849609375 0.07080092592592593
9 0.46961181640625 0.7999722222222222 0.03080810546875 0.06349537037037037
2 0.6301171875 0.8355555555555555 0.05861083984375 0.07771759259259259
3 0.64468994140625 0.8997685185185185 0.04014892578125 0.09964814814814815
5 0.64259765625 0.9518842592592593 0.0336474609375 0.09623611111111112
9 0.6783642578125 0.8520509259259259 0.0210205078125 0.08524537037037037
8 0.37128173828125 0.8728379629629629 0.01917724609375 0.07695833333333332
8 0.41866943359375 0.9171064814814816 0.01779541015625 0.0890787037037037
8 0.32526611328125 0.8524398148148148 0.0150634765625 0.07263425925925926
8 0.35342529296875 0.8229305555555555 0.0136865234375 0.07091666666666667
8 0.44865966796875 0.8962731481481482 0.016416015625 0.0908287037037037
9 0.45072021484375 0.7699861111111111 0.02511474609375 0.04665277777777778
9 0.4216552734375 0.9675416666666666 0.0530712890625 0.06491203703703705
9 0.63090087890625 0.7683009259259259 0.02647705078125 0.060648148148148145
8 0.062646484375 0.9562546296296297 0.017333984375 0.08749074074074073
8 0.33371826171875 0.8212638888888889 0.01548828125 0.06758796296296296