8 0.02967529296875 0.7599814814814815 0.05935302734375 0.1743287037037037
8 0.087333984375 0.7197175925925926 0.035107421875 0.16236574074074073
8 0.10662353515625 0.626125 0.019228515625 0.09887499999999999
8 0.0894091796875 0.6207824074074074 0.01861572265625 0.07892592592592593
8 0.07036376953125 0.625462962962963 0.02091796875 0.09908333333333334
8 0.128076171875 0.6198101851851852 0.0157373046875 0.09910185185185186
9 0.2364990234375 0.7657685185185185 0.06849365234375 0.19594444444444445
9 0.205224609375 0.6554907407407407 0.0255224609375 0.10846759259259259
9 0.1728125 0.5813657407407408 0.02461669921875 0.0722175925925926
9 0.208623046875 0.5649027777777778 0.027724609375 0.03351388888888889
9 0.3314599609375 0.642712962962963 0.0423876953125 0.11505092592592592
9 0.3659326171875 0.6115092592592593 0.0377001953125 0.09571759259259259
9 0.328271484375 0.5730740740740741 0.0291064453125 0.04342592592592592
9 0.467919921875 0.5815092592592592 0.038505859375 0.0804861111111111
9 0.429951171875 0.5684583333333333 0.02662109375 0.06787962962962964
2 0.85654296875 0.9429583333333333 0.28691650390625 0.1140787037037037
9 0.5686767578125 0.7442222222222222 0.09524169921875 0.2106712962962963
2 0.5947119140625 0.6653703703703704 0.12636474609375 0.10753703703703704
6 0.5225146484375 0.6137916666666666 0.03447021484375 0.08928240740740741
9 0.6216455078125 0.6208842592592592 0.054013671875 0.10200462962962964
9 0.95225830078125 0.7196944444444444 0.09548583984375 0.15446759259259257
8 0.88072021484375 0.6929212962962963 0.0373095703125 0.11646296296296296
8 0.13950439453125 0.6094398148148149 0.01423828125 0.09514351851851852
2 0.22374755859375 0.5330972222222222 0.03762939453125 0.05946296296296296