9 0.69610107421875 0.8715277777777778 0.0534326171875 0.09953703703703703
9 0.59724365234375 0.8703703703703703 0.0412646484375 0.10648148148148148
9 0.35583251953125 0.8993055555555556 0.02866455078125 0.10416666666666667
9 0.37121337890625 0.8143518518518519 0.01987060546875 0.05925925925925926
9 0.38464111328125 0.7525462962962963 0.01693115234375 0.05138888888888889
9 0.3604736328125 0.7527777777777778 0.019384765625 0.05
9 0.37853515625 0.7043981481481482 0.01205810546875 0.04027777777777778
9 0.4819091796875 0.7407407407407407 0.02055908203125 0.05555555555555555
9 0.46517333984375 0.7106481481481481 0.014638671875 0.032407407407407406
9 0.4618603515625 0.6706342592592592 0.01254638671875 0.032407407407407406
9 0.36615966796875 0.6997685185185185 0.0129052734375 0.0412037037037037
9 0.38531982421875 0.674537037037037 0.01167724609375 0.027777777777777776
9 0.39496337890625 0.6645833333333333 0.0085009765625 0.029166666666666667
9 0.4011865234375 0.6418981481481482 0.00776611328125 0.03009259259259259
9 0.4038720703125 0.6210648148148148 0.006787109375 0.011574074074074073
9 0.39117919921875 0.6185185185185185 0.0067919921875 0.021296296296296296
9 0.462822265625 0.6398148148148148 0.00749755859375 0.012962962962962963
2 0.4239794921875 0.6631944444444444 0.01810546875 0.032078703703703706
2 0.44656005859375 0.614087962962963 0.01199462890625 0.02050462962962963
2 0.431826171875 0.5949074074074074 0.0058984375 0.014550925925925925
8 0.4849267578125 0.6423611111111112 0.007646484375 0.028550925925925928
8 0.47760498046875 0.5956805555555555 0.001953125 0.021606481481481483
8 0.33033447265625 0.6921296296296297 0.007705078125 0.030865740740740742
8 0.2690673828125 0.7592592592592593 0.0064306640625 0.05092592592592592
8 0.25827880859375 0.8179027777777778 0.006826171875 0.043208333333333335
8 0.23203857421875 0.8105694444444445 0.00398681640625 0.03935185185185185
8 0.26072021484375 0.7422824074074074 0.0060107421875 0.033949074074074076
8 0.26377197265625 0.8016990740740741 0.003974609375 0.023148148148148147
5 0.30546875 0.8256157407407407 0.0336572265625 0.04475462962962963