9 0.58580078125 0.6473749999999999 0.011123046875 0.05092592592592592
9 0.6005859375 0.6476342592592593 0.0092236328125 0.033949074074074076
9 0.63490234375 0.6527777777777778 0.008408203125 0.042180555555555554
9 0.6745068359375 0.6453194444444444 0.011123046875 0.01800462962962963
9 0.6926806640625 0.6494351851851852 0.011123046875 0.025203703703703704
2 0.66731689453125 0.6872407407407408 0.03255126953125 0.05761111111111111
2 0.72184326171875 0.6710370370370371 0.02604248046875 0.04887037037037037
2 0.726181640625 0.6381157407407407 0.02115966796875 0.015944444444444445
9 0.6879345703125 0.6154814814814815 0.010849609375 0.020060185185185184
6 0.7074658203125 0.6337453703703704 0.009765625 0.023662037037037037
6 0.701904296875 0.6586944444444445 0.006240234375 0.03446296296296296
2 0.486572265625 0.8694444444444445 0.10400390625 0.10185185185185185
6 0.670166015625 0.8851851851851852 0.02490234375 0.11666666666666667
3 0.342041015625 0.9699074074074074 0.09326171875 0.06018518518518518
8 0.362548828125 0.8217592592592593 0.01318359375 0.08796296296296297
0 0.546630859375 0.9717592592592592 0.02294921875 0.05648148148148148
1 0.8759765625 0.8628472222222222 0.248046875 0.2743055555555556