10 0.5275341796875 0.919611111111111 0.234482421875 0.16078240740740743
10 0.40521484375 0.9013194444444445 0.12879150390625 0.19736574074074073
10 0.26436767578125 0.8992314814814815 0.1114013671875 0.2015324074074074
9 0.1509716796875 0.9541666666666667 0.067197265625 0.09166666666666666
9 0.05942626953125 0.9656898148148148 0.0696240234375 0.056587962962962965
9 0.12216552734375 0.9170833333333334 0.0662158203125 0.11935185185185186
10 0.1540234375 0.8198287037037036 0.07085693359375 0.15386574074074075
6 0.08749755859375 0.8571018518518518 0.02812744140625 0.13949999999999999
6 0.04990478515625 0.8867361111111111 0.0325146484375 0.12189814814814816
2 0.07370849609375 0.8147361111111111 0.07280029296875 0.10849537037037037
2 0.23739013671875 0.7851111111111111 0.0628173828125 0.07763425925925926
3 0.1292431640625 0.736037037037037 0.037412109375 0.07669907407407407
10 0.2109033203125 0.6895 0.081611328125 0.08085185185185184
2 0.06931396484375 0.6781435185185185 0.0644970703125 0.057601851851851855
2 0.28975341796875 0.7411157407407407 0.06063232421875 0.09369907407407407
9 0.24605224609375 0.6399398148148148 0.02351806640625 0.05067592592592592
8 0.786904296875 0.7517638888888889 0.023359375 0.10943518518518518
2 0.8351220703125 0.6894907407407407 0.11735595703125 0.06731481481481481
3 0.11962890625 0.6689814814814815 0.0439453125 0.05092592592592592
6 0.1629638671875 0.8668981481481481 0.040283203125 0.11805555555555555
3 0.24169921875 0.71875 0.03173828125 0.04861111111111111
8 0.823974609375 0.7465277777777778 0.01953125 0.1087962962962963
6 0.8984375 0.8240740740740741 0.05859375 0.0787037037037037
2 0.8251953125 0.6782407407407407 0.107421875 0.07407407407407407
8 0.0244140625 0.7974537037037037 0.01708984375 0.1087962962962963
10 0.31494140625 0.7824074074074074 0.06591796875 0.125
6 0.3546142578125 0.7835648148148148 0.020751953125 0.08101851851851852
2 0.279541015625 0.6504629629629629 0.0390625 0.046296296296296294
3 0.311279296875 0.6493055555555556 0.03173828125 0.034722222222222224