3 0.72014892578125 0.8935185185185185 0.34241455078125 0.21296296296296297
3 0.58392333984375 0.7821157407407406 0.1754150390625 0.20312037037037037
3 0.843544921875 0.71775 0.14201416015625 0.15772685185185184
9 0.76993896484375 0.7392777777777777 0.08658447265625 0.10355555555555555
6 0.3742236328125 0.8634259259259259 0.11141845703125 0.27314814814814814
9 0.47882568359375 0.8353379629629629 0.0902001953125 0.3293240740740741
9 0.19028076171875 0.8573287037037036 0.18877685546875 0.2853425925925926
2 0.2858544921875 0.7372453703703704 0.210029296875 0.17480092592592592
2 0.41389404296875 0.669175925925926 0.1810009765625 0.10347685185185185
9 0.1147265625 0.7682685185185185 0.12259765625 0.2414814814814815
2 0.05078125 0.6839953703703704 0.1015625 0.18867592592592594
9 0.20431396484375 0.6242453703703703 0.1192041015625 0.10675462962962963
2 0.4259765625 0.596013888888889 0.14462890625 0.08678703703703704
3 0.31563232421875 0.6177685185185186 0.1114111328125 0.045634259259259256
8 0.63616455078125 0.6108333333333333 0.0172216796875 0.08864814814814814
9 0.53680419921875 0.6369907407407408 0.0596923828125 0.09003703703703703
3 0.94033447265625 0.665449074074074 0.0680615234375 0.18175
9 0.7840966796875 0.6196296296296296 0.038740234375 0.06919907407407408
8 0.74833251953125 0.6464861111111111 0.0297021484375 0.10439351851851852
8 0.96767578125 0.8476805555555555 0.06220703125 0.18733796296296296
9 0.0665283203125 0.7569444444444444 0.098876953125 0.24074074074074073
8 0.6573486328125 0.6076388888888888 0.018310546875 0.08564814814814815
8 0.6903076171875 0.6215277777777778 0.015869140625 0.09027777777777778
8 0.7025146484375 0.625 0.015869140625 0.125
8 0.7623291015625 0.5659722222222222 0.013427734375 0.05324074074074074
9 0.64453125 0.6736111111111112 0.10986328125 0.1388888888888889