3 0.32891845703125 0.7977129629629629 0.0682470703125 0.09684259259259259
9 0.2598681640625 0.7993194444444445 0.0659130859375 0.0835925925925926
9 0.47540771484375 0.7306759259259259 0.04206787109375 0.0677962962962963
9 0.60149658203125 0.841375 0.0719091796875 0.08460185185185186
9 0.65561279296875 0.9235185185185185 0.091708984375 0.13286574074074076
9 0.73494873046875 0.7966574074074074 0.028779296875 0.10164351851851852
6 0.8300537109375 0.8972453703703703 0.0695166015625 0.11200925925925925
9 0.92929443359375 0.9353287037037037 0.1197802734375 0.12933796296296296
2 0.64958740234375 0.728625 0.0685009765625 0.05817592592592592
9 0.68704833984375 0.7757962962962963 0.02732177734375 0.08559722222222221
2 0.4950390625 0.9306064814814814 0.1790869140625 0.13878703703703701
9 0.69908203125 0.7284999999999999 0.0279443359375 0.07139351851851852
9 0.52124755859375 0.8615046296296296 0.0764599609375 0.11121759259259259
9 0.76459716796875 0.937625 0.10557861328125 0.12474537037037037
9 0.6631884765625 0.753824074074074 0.030322265625 0.08758333333333333
6 0.63824462890625 0.7671990740740741 0.02133056640625 0.06886574074074074
6 0.6118896484375 0.754162037037037 0.023974609375 0.07019907407407407
8 0.59205810546875 0.7529907407407408 0.01286865234375 0.06852777777777778
8 0.732470703125 0.8208518518518518 0.0133984375 0.08324074074074074
3 0.753095703125 0.7469722222222223 0.01656982421875 0.07387962962962964
2 0.71575439453125 0.6845138888888889 0.0363134765625 0.04035185185185185
9 0.69203857421875 0.6556018518518518 0.0189501953125 0.03955092592592593
9 0.6692236328125 0.6602222222222222 0.01927001953125 0.043166666666666666
6 0.4140673828125 0.7416250000000001 0.03097412109375 0.06002777777777778
9 0.4877587890625 0.777287037037037 0.039482421875 0.0784212962962963
9 0.54979248046875 0.7020925925925926 0.02774169921875 0.051958333333333336
9 0.45457275390625 0.7219398148148148 0.01463623046875 0.05163425925925926
8 0.5174560546875 0.6849861111111111 0.01072265625 0.04614814814814815
8 0.480439453125 0.6883750000000001 0.009189453125 0.049055555555555554
8 0.36156494140625 0.7582453703703703 0.01446533203125 0.06551388888888889