3 0.1774560546875 0.9784814814814815 0.06939697265625 0.04303240740740741
9 0.11410888671875 0.9840462962962963 0.05400634765625 0.031907407407407405
6 0.311845703125 0.9110648148148148 0.03645751953125 0.0739675925925926
8 0.30182861328125 0.8550509259259259 0.01347412109375 0.06559259259259259
2 0.418896484375 0.8504074074074075 0.09287109375 0.11377777777777777
10 0.5426708984375 0.8809861111111111 0.0699169921875 0.12306018518518519
2 0.55059814453125 0.8131435185185185 0.06092041015625 0.0790462962962963
9 0.503603515625 0.9469953703703704 0.0420849609375 0.1060138888888889
3 0.57842529296875 0.935837962962963 0.0345458984375 0.0948287037037037
3 0.59026123046875 0.9821851851851852 0.04066650390625 0.03562962962962963
2 0.6079736328125 0.7846342592592592 0.0487353515625 0.06309259259259259
9 0.62260986328125 0.9509722222222222 0.02723388671875 0.08693055555555557
9 0.7251416015625 0.9858796296296296 0.06143310546875 0.02824074074074074
9 0.63359619140625 0.8578240740740741 0.02478759765625 0.07395833333333333
9 0.13086181640625 0.9529953703703703 0.060849609375 0.03475462962962963
8 0.30937744140625 0.8362175925925927 0.01319580078125 0.054217592592592595
8 0.32037353515625 0.854287037037037 0.01173095703125 0.048657407407407406
8 0.37462646484375 0.8084120370370371 0.01173095703125 0.057
8 0.42484375 0.7660092592592592 0.01099609375 0.047268518518518515
8 0.40908203125 0.9314444444444445 0.01319580078125 0.08063425925925925
8 0.428876953125 0.9001666666666667 0.01173095703125 0.07646296296296295
9 0.41128173828125 0.7896435185185186 0.01906005859375 0.04170833333333333
9 0.51978515625 0.9571666666666667 0.04252197265625 0.08480555555555556
9 0.5271142578125 0.7680972222222222 0.02199462890625 0.037537037037037035
2 0.634150390625 0.7500231481481481 0.0249267578125 0.045875
2 0.65137939453125 0.770875 0.03005859375 0.03197685185185185
8 0.67117431640625 0.9851851851851852 0.01246337890625 0.02962962962962963
8 0.67923828125 0.9516018518518519 0.01246337890625 0.06256018518518518