2 0.38970947265625 0.6643518518518519 0.0531005859375 0.046296296296296294
10 0.357666015625 0.7870416666666666 0.0537109375 0.11690740740740742
10 0.32852294921875 0.9291111111111111 0.10040283203125 0.14177777777777778
10 0.46844482421875 0.9288194444444444 0.10986328125 0.1423611111111111
7 0.57830810546875 0.9707777777777779 0.1739501953125 0.05497685185185185
7 0.142060546875 0.8289907407407406 0.06439208984375 0.1255787037037037
6 0.11673095703125 0.9134861111111111 0.01861572265625 0.08391203703703703
6 0.154267578125 0.9076990740740741 0.01312255859375 0.12210648148148148
6 0.22735595703125 0.8535879629629629 0.00732421875 0.08449074074074074
6 0.3074658203125 0.7974537037037037 0.00885009765625 0.061342592592592594
6 0.17791748046875 0.7352407407407406 0.0146484375 0.06539351851851852
6 0.21820068359375 0.6956018518518519 0.006103515625 0.032407407407407406
9 0.19287109375 0.7740138888888889 0.0238037109375 0.08159722222222222
9 0.25390625 0.7447916666666666 0.020751953125 0.07523148148148148
9 0.205537109375 0.7199074074074074 0.01495361328125 0.023148148148148147
9 0.12527587890625 0.9768518518518519 0.04913330078125 0.041666666666666664
3 0.1951611328125 0.9285324074074075 0.05706787109375 0.14293981481481483
2 0.29129150390625 0.8880185185185184 0.05401611328125 0.1267361111111111
2 0.2903759765625 0.781537037037037 0.04669189453125 0.07349537037037036
2 0.328828125 0.7170138888888888 0.03326416015625 0.07060185185185185
3 0.29007080078125 0.7181712962962963 0.02716064453125 0.04050925925925926
2 0.3448486328125 0.6495972222222223 0.0341796875 0.043402777777777776
3 0.22369384765625 0.7230925925925926 0.030517578125 0.03761574074074074