9 0.10734619140625 0.9468009259259259 0.1033203125 0.10554166666666667
9 0.15602294921875 0.9241157407407407 0.0820556640625 0.13239814814814815
5 0.22492919921875 0.8478611111111112 0.0625244140625 0.07268055555555555
2 0.271474609375 0.8043703703703704 0.07386962890625 0.07540740740740741
9 0.388369140625 0.7630324074074074 0.0242919921875 0.07428703703703704
8 0.3202490234375 0.7484675925925927 0.00988525390625 0.06336574074074074
8 0.30541015625 0.7344444444444445 0.01201416015625 0.057837962962962966
8 0.435390625 0.6908796296296296 0.00829345703125 0.03822222222222222
3 0.4264501953125 0.6552453703703703 0.01458740234375 0.03659259259259259
9 0.40614013671875 0.6445972222222222 0.012509765625 0.03776851851851852
9 0.480146484375 0.6923888888888888 0.0161279296875 0.056532407407407406
6 0.47850341796875 0.7711990740740741 0.01626220703125 0.0684212962962963
9 0.50197021484375 0.7712962962962963 0.02267333984375 0.08106481481481481
9 0.53340087890625 0.7666805555555556 0.02460205078125 0.08318055555555555
7 0.58518310546875 0.7575740740740741 0.040791015625 0.10836574074074073
9 0.60998291015625 0.930375 0.0547509765625 0.13924999999999998
2 0.6475927734375 0.8895740740740741 0.0853271484375 0.12488425925925926
5 0.73846435546875 0.9599629629629629 0.06996826171875 0.08007870370370371
6 0.92725341796875 0.946787037037037 0.0597021484375 0.10642592592592592
6 0.49946533203125 0.7043009259259259 0.01182861328125 0.053037037037037035
9 0.4722412109375 0.6641574074074074 0.01150146484375 0.0427037037037037
9 0.4434814453125 0.6435879629629631 0.01177734375 0.030828703703703705
3 0.464423828125 0.6295509259259259 0.02093994140625 0.02978703703703704
8 0.108447265625 0.930074074074074 0.020390625 0.09383333333333334
8 0.03001708984375 0.8018981481481481 0.0146875 0.05435185185185185
8 0.2218115234375 0.7571481481481481 0.0098388671875 0.07787962962962963
8 0.23792724609375 0.743625 0.0126904296875 0.07355092592592592