9 0.31727294921875 0.9718657407407407 0.0682421875 0.05626851851851852
9 0.1910009765625 0.9500694444444445 0.080087890625 0.09986574074074074
9 0.25931884765625 0.939861111111111 0.060634765625 0.12027314814814816
9 0.1918017578125 0.8615648148148148 0.041279296875 0.114375
9 0.22007080078125 0.892287037037037 0.03532958984375 0.09008796296296297
9 0.26811767578125 0.8912453703703703 0.04829345703125 0.08503703703703704
9 0.2771240234375 0.8566527777777777 0.0411376953125 0.07060648148148148
9 0.28755859375 0.7991018518518518 0.0280859375 0.08160185185185184
6 0.14699462890625 0.8892824074074074 0.04265380859375 0.08943055555555555
6 0.03620361328125 0.9546666666666667 0.05937744140625 0.09066666666666667
9 0.35697265625 0.8529444444444444 0.055029296875 0.10023148148148148
7 0.34264404296875 0.7311712962962963 0.0269140625 0.08133796296296296
2 0.34710693359375 0.7206342592592593 0.06825927734375 0.03963425925925926
8 0.3840966796875 0.7614861111111111 0.01077392578125 0.05938425925925926
2 0.46734130859375 0.8088611111111111 0.044541015625 0.09015277777777778
6 0.49452392578125 0.7392314814814814 0.01522216796875 0.058444444444444445
9 0.52495849609375 0.8440462962962964 0.032783203125 0.10536111111111111
9 0.58107421875 0.8509027777777778 0.04066650390625 0.10768518518518519
9 0.697509765625 0.9207777777777778 0.07659912109375 0.13633333333333333
9 0.7825244140625 0.9466064814814815 0.0895751953125 0.10678703703703704
3 0.8821875 0.950462962962963 0.10495849609375 0.09906944444444445
8 0.97924072265625 0.9578425925925926 0.0239404296875 0.08431944444444445
8 0.77376708984375 0.8432083333333333 0.0121484375 0.08155092592592593
3 0.676689453125 0.8679444444444444 0.04991455078125 0.09542592592592593
6 0.726513671875 0.8656851851851852 0.03737548828125 0.08219444444444444
6 0.61219970703125 0.8452962962962962 0.0234033203125 0.07143981481481482
5 0.6291845703125 0.8278935185185186 0.03253662109375 0.057847222222222223
9 0.5469189453125 0.7988240740740741 0.0298974609375 0.08475925925925927
3 0.56683349609375 0.7601574074074074 0.02542724609375 0.06384722222222222
8 0.5111279296875 0.6972453703703704 0.01192138671875 0.04777314814814815
9 0.4052587890625 0.7158703703703704 0.017470703125 0.045092592592592594
9 0.4173974609375 0.6998333333333334 0.0179833984375 0.0519212962962963
9 0.434326171875 0.6707824074074075 0.01481689453125 0.040199074074074075
8 0.45084716796875 0.6704259259259259 0.00614990234375 0.03841666666666667
9 0.4652490234375 0.6556527777777778 0.01149658203125 0.037675925925925925
2 0.47955322265625 0.6811064814814815 0.02607421875 0.04588425925925926
3 0.5638330078125 0.7221481481481481 0.01991943359375 0.025324074074074075
7 0.57869384765625 0.68475 0.02571533203125 0.031074074074074077
3 0.5325537109375 0.6678425925925926 0.0145703125 0.0376712962962963
2 0.48972900390625 0.6647824074074075 0.01513671875 0.030824074074074073
0 0.49468017578125 0.635337962962963 0.00892822265625 0.027662037037037037
9 0.47650390625 0.6387962962962963 0.00935546875 0.030435185185185183
9 0.6012890625 0.7383194444444444 0.02621337890625 0.05715740740740741
9 0.55597900390625 0.6452685185185185 0.010029296875 0.028652777777777777
9 0.57154541015625 0.6376898148148149 0.01008544921875 0.021287037037037035
8 0.37733154296875 0.7724907407407408 0.00675537109375 0.0489537037037037
8 0.36888671875 0.7715740740740741 0.00916748046875 0.05078240740740741
8 0.79192626953125 0.8382083333333333 0.0110302734375 0.07901851851851852
8 0.8193994140625 0.8269768518518519 0.014501953125 0.05035648148148148
8 0.45418701171875 0.6707407407407407 0.00554443359375 0.0363287037037037
0 0.50107421875 0.6387129629629629 0.0051416015625 0.02849074074074074
9 0.52431396484375 0.6368981481481482 0.0161328125 0.029064814814814814
8 0.36076904296875 0.7725555555555556 0.0074609375 0.05411111111111111
3 0.5555908203125 0.7238333333333333 0.01795654296875 0.05149537037037037
9 0.5489111328125 0.7030694444444445 0.01554931640625 0.048171296296296295
9 0.56205078125 0.6783611111111111 0.00985595703125 0.03779166666666667
3 0.57300048828125 0.6609166666666666 0.01379638671875 0.017027777777777777
5 0.59575927734375 0.7918981481481482 0.0245458984375 0.048625
6 0.51591552734375 0.6318287037037037 0.0121044921875 0.02200462962962963
9 0.47091552734375 0.6200555555555555 0.010712890625 0.02571759259259259
6 0.5614013671875 0.6313935185185185 0.00634521484375 0.024412037037037034