9 0.09607177734375 0.9480879629629629 0.08189697265625 0.10382407407407407
8 0.2487158203125 0.8796898148148149 0.013994140625 0.10102777777777777
8 0.230205078125 0.8888055555555555 0.01648681640625 0.0828287037037037
9 0.3120263671875 0.9102824074074074 0.0468994140625 0.14497685185185183
9 0.404384765625 0.7307175925925925 0.0227294921875 0.062476851851851846
9 0.39163818359375 0.6769861111111111 0.01687744140625 0.04781481481481482
9 0.407509765625 0.647337962962963 0.01175048828125 0.03687037037037037
3 0.41776611328125 0.6379398148148149 0.01516845703125 0.03358333333333333
8 0.44010009765625 0.6850740740740741 0.00767822265625 0.044328703703703703
9 0.55310546875 0.8078472222222223 0.02331298828125 0.09455555555555556
6 0.55552978515625 0.9128703703703703 0.0333935546875 0.11243055555555555
9 0.502216796875 0.6576481481481481 0.01217529296875 0.04083796296296296
7 0.58769287109375 0.768287037037037 0.04030029296875 0.1227824074074074
6 0.93145263671875 0.9485879629629629 0.0569921875 0.10282407407407407
9 0.15572265625 0.9294768518518519 0.08503173828125 0.1324212962962963
2 0.27397705078125 0.8078333333333334 0.071337890625 0.07831481481481481
8 0.4526611328125 0.6575324074074074 0.00508056640625 0.03724537037037037
8 0.4597412109375 0.6595138888888888 0.00658447265625 0.03440740740740741
9 0.47171875 0.6805555555555556 0.01512451171875 0.053023148148148146
9 0.48949951171875 0.7049907407407408 0.01614501953125 0.054754629629629625
6 0.50432373046875 0.7570277777777779 0.01546142578125 0.0690925925925926
9 0.53103759765625 0.8253611111111111 0.02999755859375 0.09147685185185185
2 0.6485498046875 0.8908240740740742 0.086611328125 0.12504166666666666
5 0.742421875 0.9599907407407408 0.06705322265625 0.08001851851851852
5 0.23369140625 0.8467314814814815 0.04830078125 0.07472685185185185
3 0.441484375 0.6446527777777779 0.01457763671875 0.03236574074074074
8 0.65997802734375 0.948125 0.01712890625 0.10375
9 0.37862060546875 0.6650694444444444 0.0122900390625 0.03997685185185185