1 0.301025390625 0.8458333333333333 0.13427734375 0.30277777777777776
2 0.4609375 0.8472222222222222 0.0673828125 0.1
2 0.388671875 0.7175925925925926 0.029296875 0.044444444444444446
2 0.420166015625 0.7731481481481481 0.03955078125 0.07407407407407407
2 0.442626953125 0.6916666666666667 0.03076171875 0.06111111111111111
2 0.5810546875 0.7773148148148148 0.048828125 0.10092592592592593
2 0.58277099609375 0.8685185185185185 0.0561669921875 0.13518518518518519
2 0.5300439453125 0.9782407407407407 0.10205078125 0.04351851851851852
2 0.3515625 0.7342592592592593 0.0283203125 0.05
2 0.371826171875 0.6037037037037037 0.01904296875 0.037037037037037035
6 0.36376953125 0.6541666666666667 0.0068359375 0.04351851851851852
6 0.351806640625 0.6273148148148148 0.00634765625 0.03425925925925926
6 0.33740234375 0.6175925925925926 0.0087890625 0.027777777777777776
6 0.418701171875 0.638425925925926 0.00732421875 0.03981481481481482
6 0.397705078125 0.6125 0.01025390625 0.04537037037037037
6 0.489013671875 0.7699074074074074 0.01708984375 0.09166666666666666
6 0.4736328125 0.6888888888888889 0.01171875 0.05925925925925926
7 0.313720703125 0.6393518518518518 0.02685546875 0.06018518518518518
9 0.353515625 0.6875 0.0205078125 0.023148148148148147
9 0.34228515625 0.6550925925925926 0.0166015625 0.026851851851851852
9 0.311279296875 0.6722222222222223 0.01708984375 0.024074074074074074
9 0.33447265625 0.6898148148148148 0.0126953125 0.014814814814814815
9 0.3896484375 0.8495370370370371 0.029296875 0.09722222222222222
9 0.414794921875 0.8870370370370371 0.03662109375 0.07037037037037037
9 0.498291015625 0.7472222222222222 0.01513671875 0.0962962962962963
9 0.48193359375 0.674074074074074 0.013671875 0.053703703703703705
9 0.464111328125 0.6509259259259259 0.01123046875 0.053703703703703705
9 0.419189453125 0.6180555555555556 0.01025390625 0.03425925925925926
3 0.414306640625 0.9606481481481481 0.06005859375 0.0787037037037037
3 0.37158203125 0.7726851851851851 0.046875 0.04351851851851852
6 0.69970703125 0.9587962962962963 0.0390625 0.0824074074074074
9 0.662353515625 0.850925925925926 0.04638671875 0.12962962962962962
9 0.63427734375 0.7847222222222222 0.033203125 0.075
9 0.7529296875 0.9236111111111112 0.068359375 0.1527777777777778
9 0.865478515625 0.9574074074074074 0.04443359375 0.05185185185185185
9 0.52587890625 0.7111111111111111 0.0185546875 0.05555555555555555
6 0.551513671875 0.6958333333333333 0.01416015625 0.025
6 0.57958984375 0.6921296296296297 0.0078125 0.04722222222222222
6 0.587646484375 0.6888888888888889 0.00830078125 0.05
6 0.69287109375 0.7754629629629629 0.015625 0.07685185185185185
6 0.51806640625 0.6560185185185186 0.0078125 0.04722222222222222
6 0.52490234375 0.6407407407407407 0.0078125 0.04259259259259259
6 0.53369140625 0.6407407407407407 0.0068359375 0.03888888888888889
6 0.49560546875 0.6393518518518518 0.0087890625 0.03981481481481482
6 0.471435546875 0.6157407407407407 0.00732421875 0.037037037037037035
6 0.434814453125 0.5981481481481481 0.00634765625 0.03888888888888889
6 0.73193359375 0.799074074074074 0.009765625 0.06851851851851852
6 0.74560546875 0.7902777777777777 0.0126953125 0.075
6 0.878173828125 0.8592592592592593 0.02099609375 0.1111111111111111
6 0.289794921875 0.6328703703703704 0.00732421875 0.028703703703703703
6 0.28759765625 0.6069444444444444 0.0087890625 0.03611111111111111
6 0.208251953125 0.7787037037037037 0.01025390625 0.05555555555555555