3 0.093974609375 0.9346018518518519 0.0942236328125 0.1307962962962963
6 0.15881591796875 0.8977824074074074 0.0522802734375 0.08081944444444444
9 0.37552734375 0.9253657407407407 0.0536376953125 0.1433472222222222
9 0.33761962890625 0.8284444444444444 0.0621240234375 0.098625
8 0.35546875 0.8066342592592592 0.017939453125 0.08362499999999999
9 0.39864013671875 0.8021898148148148 0.03322021484375 0.0877037037037037
9 0.42781982421875 0.8004537037037037 0.03700927734375 0.09909722222222223
9 0.507373046875 0.7585601851851852 0.0238232421875 0.0818101851851852
9 0.4910888671875 0.7292731481481481 0.0248193359375 0.06058796296296297
9 0.54524658203125 0.68125 0.018388671875 0.08171759259259259
9 0.522490234375 0.6941203703703703 0.0174365234375 0.06079166666666667
7 0.50733642578125 0.6798981481481481 0.0157568359375 0.04995370370370371
8 0.46615234375 0.6884398148148148 0.0087255859375 0.05355555555555556
2 0.47010009765625 0.6517916666666667 0.02954833984375 0.03760185185185185
9 0.49388916015625 0.6722037037037037 0.01497314453125 0.05701388888888889
9 0.525517578125 0.6158611111111111 0.01070068359375 0.03341203703703704
9 0.50747802734375 0.6175648148148148 0.01357177734375 0.040671296296296296
8 0.49041748046875 0.6181203703703704 0.00765869140625 0.028652777777777777
9 0.563896484375 0.6261388888888889 0.0118798828125 0.040990740740740744
2 0.53234130859375 0.5732268518518518 0.010400390625 0.015726851851851853
6 0.6279345703125 0.6440972222222222 0.0094091796875 0.03642592592592593
3 0.64874267578125 0.6432546296296296 0.01972412109375 0.041944444444444444
3 0.69224609375 0.6675185185185185 0.02581298828125 0.04980092592592592
3 0.74372314453125 0.7030601851851851 0.0302587890625 0.06449537037037037
5 0.846318359375 0.8775833333333333 0.10127197265625 0.07036111111111111
9 0.97546142578125 0.8210833333333333 0.0490771484375 0.09942592592592592
9 0.94341552734375 0.7808888888888889 0.0430712890625 0.07968055555555556
9 0.7114208984375 0.6594444444444445 0.01472900390625 0.05015740740740741
9 0.730908203125 0.6678287037037037 0.01921875 0.05014351851851852
9 0.6271875 0.6076296296296296 0.0103515625 0.028810185185185185
9 0.24236572265625 0.905087962962963 0.07372314453125 0.11353703703703705
9 0.27566162109375 0.9284629629629629 0.07724853515625 0.14306944444444444
0 0.4651220703125 0.8919074074074074 0.0204150390625 0.11481481481481481
9 0.46703369140625 0.7843240740740741 0.03184814453125 0.09263888888888888
8 0.42294677734375 0.6730324074074074 0.00782470703125 0.044787037037037035
8 0.4351904296875 0.666162037037037 0.00680908203125 0.03764351851851852
8 0.4455517578125 0.6417083333333333 0.0075341796875 0.03929166666666667
8 0.46576416015625 0.6215138888888889 0.00623046875 0.024180555555555556
9 0.6679638671875 0.6219259259259259 0.01217041015625 0.03929166666666667
8 0.85987548828125 0.6968009259259259 0.0085498046875 0.05110648148148148
8 0.8266943359375 0.6679490740740741 0.0094189453125 0.044513888888888895