7 0.5987548828125 0.9085648148148148 0.225830078125 0.18287037037037038
10 0.45166015625 0.9004629629629629 0.10498046875 0.19907407407407407
10 0.3314208984375 0.8900462962962963 0.111083984375 0.21064814814814814
10 0.364990234375 0.7488425925925926 0.06103515625 0.09953703703703703
2 0.37451171875 0.6388888888888888 0.046875 0.04814814814814815
10 0.303955078125 0.6449074074074074 0.03564453125 0.05648148148148148
3 0.26513671875 0.6597222222222222 0.021484375 0.049074074074074076
3 0.30078125 0.687037037037037 0.0263671875 0.06111111111111111
2 0.283935546875 0.7578703703703704 0.04541015625 0.058333333333333334
2 0.330810546875 0.7125 0.03662109375 0.05648148148148148
3 0.2373046875 0.7361111111111112 0.04296875 0.07407407407407407
3 0.194580078125 0.7032407407407407 0.03759765625 0.030555555555555555
6 0.215087890625 0.6611111111111111 0.00830078125 0.05185185185185185
9 0.146484375 0.6578703703703703 0.0380859375 0.05092592592592592
7 0.1318359375 0.7972222222222223 0.0712890625 0.10925925925925926
3 0.181640625 0.9037037037037037 0.0625 0.11851851851851852
6 0.2216796875 0.8453703703703703 0.0166015625 0.10740740740740741
9 0.119873046875 0.9472222222222222 0.05615234375 0.06666666666666667
8 0.07666015625 0.7689814814814815 0.009765625 0.09166666666666666
2 0.250732421875 0.6347222222222222 0.01318359375 0.028703703703703703
3 0.32763671875 0.6342592592592593 0.0126953125 0.037037037037037035
0 0.21875 0.6412037037037037 0.0048828125 0.041666666666666664
9 0.192138671875 0.6268518518518519 0.02294921875 0.03518518518518519
6 0.148193359375 0.8412037037037037 0.02197265625 0.09907407407407408
6 0.106201171875 0.8601851851851852 0.02587890625 0.08518518518518518