3 0.57525390625 0.8577962962962963 0.09753662109375 0.12329629629629629
6 0.43256591796875 0.9527777777777777 0.1070361328125 0.09444444444444444
8 0.23214111328125 0.7633564814814814 0.02448974609375 0.09986111111111111
8 0.14962646484375 0.7591851851851852 0.02105712890625 0.1007824074074074
8 0.12363037109375 0.8163796296296297 0.02666748046875 0.11331018518518518
9 0.0343017578125 0.7980601851851852 0.063720703125 0.10387500000000001
2 0.1545166015625 0.9805555555555555 0.179736328125 0.03888888888888889
8 0.35932861328125 0.7691435185185185 0.01425537109375 0.0882824074074074
6 0.383251953125 0.8455324074074073 0.06650146484375 0.07838425925925926
8 0.5211767578125 0.7848796296296295 0.01281982421875 0.13827777777777778
8 0.50103759765625 0.7980694444444444 0.02135986328125 0.11775462962962963
8 0.4396435546875 0.7503888888888889 0.02208251953125 0.06003703703703704
5 0.64397216796875 0.823537037037037 0.0455517578125 0.09459722222222222
8 0.75419189453125 0.8263148148148147 0.01798583984375 0.08903703703703704
8 0.73502685546875 0.8270092592592592 0.0148095703125 0.08301851851851852
8 0.68705810546875 0.7800231481481481 0.0326220703125 0.0961574074074074
8 0.68681396484375 0.6957361111111111 0.0160205078125 0.0677824074074074
8 0.7241650390625 0.8918333333333333 0.043857421875 0.083
9 0.80082275390625 0.9273148148148148 0.1029443359375 0.13148148148148148
9 0.89920166015625 0.9161342592592592 0.10149658203125 0.14921296296296296
8 0.92519775390625 0.8478611111111112 0.0324169921875 0.11146296296296296
8 0.86880615234375 0.8013101851851852 0.0304541015625 0.10200925925925926
9 0.9756103515625 0.9099074074074075 0.04878173828125 0.11055092592592593
6 0.8013916015625 0.7754629629629629 0.030517578125 0.06944444444444445
8 0.99560546875 0.75 0.0087890625 0.0787037037037037
8 0.975341796875 0.8518518518518519 0.01708984375 0.0787037037037037
8 0.3753662109375 0.7615740740740741 0.015869140625 0.08796296296296297
8 0.1959228515625 0.7685185185185185 0.018310546875 0.08333333333333333