9 0.29732177734375 0.9617500000000001 0.0747900390625 0.07094444444444445
3 0.47418701171875 0.9318796296296296 0.07750244140625 0.13531018518518517
9 0.476259765625 0.8462361111111111 0.03429443359375 0.06376851851851852
9 0.50897216796875 0.8214490740740741 0.03722900390625 0.1200648148148148
9 0.58611572265625 0.7904259259259259 0.0294287109375 0.10340277777777777
2 0.5837890625 0.9082685185185184 0.09531494140625 0.12698148148148147
2 0.64958984375 0.944212962962963 0.10756103515625 0.11157407407407408
2 0.66301513671875 0.7837268518518518 0.06362060546875 0.09616203703703705
2 0.7317333984375 0.8149861111111111 0.06533935546875 0.10311574074074073
9 0.74576904296875 0.9511574074074074 0.05435791015625 0.09768518518518518
9 0.63884521484375 0.7189027777777778 0.02162841796875 0.05910185185185185
9 0.6664306640625 0.6966759259259259 0.02016845703125 0.07020833333333333
3 0.71012939453125 0.718662037037037 0.0279833984375 0.06175
6 0.73600341796875 0.7040740740740741 0.01529541015625 0.05388425925925926
2 0.788857421875 0.7050046296296296 0.038984375 0.08443981481481481
1 0.88772705078125 0.7251435185185185 0.08538330078125 0.09971759259259258
9 0.59783203125 0.6619398148148148 0.018203125 0.059453703703703696
9 0.65074462890625 0.6678425925925926 0.01719482421875 0.05875462962962963
8 0.32866943359375 0.8447962962962963 0.024951171875 0.10145833333333333
6 0.6806201171875 0.6630416666666668 0.01595947265625 0.03687962962962963
6 0.68843017578125 0.6768148148148149 0.0143115234375 0.04405092592592593
3 0.702587890625 0.6902453703703704 0.023095703125 0.044972222222222226
2 0.7224853515625 0.6777407407407408 0.02743896484375 0.042199074074074076
3 0.72095947265625 0.6513518518518518 0.01950439453125 0.030166666666666665
9 0.70417724609375 0.6476481481481482 0.0152294921875 0.037578703703703704
2 0.75617431640625 0.6661666666666667 0.03818603515625 0.05609259259259259
9 0.650634765625 0.6701388888888888 0.01708984375 0.05324074074074074