8 0.59291259765625 0.9675925925925926 0.03627197265625 0.06481481481481481
8 0.52978515625 0.6484768518518519 0.00837158203125 0.039023148148148154
8 0.62831298828125 0.7023796296296296 0.0080224609375 0.050263888888888886
8 0.7085302734375 0.6911388888888889 0.00941650390625 0.050263888888888886
5 0.67714111328125 0.7245370370370371 0.03801513671875 0.06018518518518518
9 0.57390380859375 0.6944444444444444 0.02824951171875 0.07275
9 0.51286865234375 0.737101851851852 0.0226708984375 0.06680092592592592
9 0.48374755859375 0.7440462962962964 0.03138916015625 0.08333333333333333
9 0.46735595703125 0.6891527777777777 0.01325439453125 0.04365277777777778
2 0.60302734375 0.8277129629629629 0.10393310546875 0.11441666666666667
8 0.33307861328125 0.728837962962963 0.0139501953125 0.03571296296296296
0 0.4802587890625 0.6345879629629629 0.00837158203125 0.04034259259259259
8 0.7526513671875 0.952712962962963 0.02720458984375 0.09457407407407407