9 0.2021728515625 0.8676064814814815 0.11487060546875 0.26478703703703704
9 0.31073974609375 0.8647592592592593 0.09606201171875 0.2704861111111111
9 0.3327978515625 0.7294814814814815 0.05393310546875 0.14008796296296294
9 0.27871826171875 0.7309398148148147 0.0553173828125 0.15862962962962962
3 0.28550537109375 0.6828240740740741 0.05634521484375 0.09693055555555556
7 0.38495849609375 0.639550925925926 0.058974609375 0.12091666666666667
2 0.41895263671875 0.591 0.03208251953125 0.037564814814814815
9 0.0186474609375 0.713875 0.03729736328125 0.13578703703703704
2 0.04291748046875 0.6746111111111112 0.08583251953125 0.11485648148148149
9 0.09379638671875 0.6279074074074074 0.02705078125 0.07380555555555555
9 0.06566650390625 0.610037037037037 0.02240966796875 0.053939814814814815
2 0.1320703125 0.6627037037037037 0.067333984375 0.08096759259259259
8 0.15778564453125 0.6080231481481481 0.01052490234375 0.05114814814814815
9 0.20010498046875 0.6355185185185185 0.03546142578125 0.08452777777777779
2 0.23617919921875 0.6324074074074074 0.04345458984375 0.06379166666666666
10 0.0708837890625 0.54325 0.0239013671875 0.03358796296296296
5 0.3218212890625 0.6055370370370371 0.0283251953125 0.06478703703703703
9 0.46478515625 0.5654722222222223 0.00989501953125 0.030953703703703702
9 0.55190673828125 0.6476574074074074 0.03483642578125 0.09061111111111111
8 0.69330322265625 0.6995231481481482 0.0215966796875 0.12735185185185185
9 0.273798828125 0.5972916666666667 0.0375048828125 0.048629629629629634
9 0.199384765625 0.5889444444444444 0.025419921875 0.030546296296296297
9 0.178447265625 0.599388888888889 0.0208203125 0.054875
9 0.09651123046875 0.570287037037037 0.01243896484375 0.035097222222222224
9 0.1442431640625 0.596199074074074 0.021298828125 0.05560648148148148
0 0.5161669921875 0.6258750000000001 0.01227783203125 0.06769907407407406
6 0.2555810546875 0.6761064814814816 0.0259228515625 0.0931388888888889