2 0.2260302734375 0.90025 0.04446533203125 0.07697222222222222
2 0.0356982421875 0.2624537037037037 0.03534912109375 0.07431944444444445
8 0.0450439453125 0.310037037037037 0.0116650390625 0.015384259259259257
7 0.1152392578125 0.3145601851851852 0.03251220703125 0.047143518518518515
8 0.13909423828125 0.31156944444444445 0.0113720703125 0.0165
6 0.13513916015625 0.23307407407407407 0.01828125 0.024175925925925927
9 0.28852783203125 0.49399537037037033 0.01467529296875 0.048296296296296296
9 0.32420166015625 0.4889490740740741 0.01623291015625 0.045675925925925925
9 0.3318359375 0.4478611111111111 0.02026611328125 0.04350925925925926
9 0.4311572265625 0.582388888888889 0.0209033203125 0.039935185185185185
8 0.4096484375 0.7055324074074074 0.006640625 0.012736111111111111
5 0.304462890625 0.6138425925925927 0.0184423828125 0.048
5 0.31332763671875 0.5651018518518518 0.02142578125 0.04774537037037037
9 0.33289306640625 0.6308657407407408 0.01795654296875 0.04437037037037037
8 0.36256591796875 0.7691620370370371 0.00806640625 0.018055555555555554
8 0.369443359375 0.7685740740740741 0.008427734375 0.01984722222222222
9 0.4549755859375 0.6219722222222223 0.0194580078125 0.04121296296296296
9 0.41780029296875 0.5368981481481482 0.0193603515625 0.04386574074074074
8 0.4666259765625 0.5739814814814814 0.006533203125 0.010287037037037037
8 0.44504150390625 0.5367407407407407 0.00662353515625 0.014407407407407409
8 0.45500244140625 0.5710277777777778 0.0089599609375 0.01274074074074074
9 0.315146484375 0.2127314814814815 0.028076171875 0.02750462962962963
9 0.34983154296875 0.24938425925925925 0.02710205078125 0.02851388888888889
2 0.42969482421875 0.27869907407407407 0.05232177734375 0.06077777777777778
3 0.3449560546875 0.1811851851851852 0.02560791015625 0.04755092592592592
3 0.43245361328125 0.07093518518518518 0.0301123046875 0.04323148148148148
9 0.4810693359375 0.04870833333333333 0.018525390625 0.04335648148148148
6 0.31979736328125 0.11356018518518518 0.01086181640625 0.041490740740740745
6 0.29493896484375 0.10868981481481482 0.00996337890625 0.03928703703703704
6 0.2708349609375 0.13625 0.012119140625 0.04148148148148148
6 0.2481689453125 0.15640740740740738 0.02299072265625 0.021453703703703704
9 0.2050830078125 0.15668518518518518 0.02837158203125 0.03565277777777778
9 0.21537841796875 0.18465277777777778 0.029658203125 0.025203703703703704
5 0.2372412109375 0.12047685185185186 0.01807861328125 0.028569444444444446
5 0.20589599609375 0.10399074074074074 0.01897705078125 0.03168055555555556
5 0.1966064453125 0.06940277777777777 0.02110595703125 0.03500925925925926
3 0.16345458984375 0.09642592592592593 0.03116943359375 0.04592129629629629
3 0.1353466796875 0.07411574074074075 0.0254833984375 0.05121296296296297
3 0.1105859375 0.07157407407407407 0.0327783203125 0.037703703703703705
3 0.09579833984375 0.03411111111111111 0.0306201171875 0.04436574074074074
9 0.1045654296875 0.1058888888888889 0.026904296875 0.04387037037037037
6 0.15951416015625 0.029041666666666664 0.0228125 0.02053240740740741
9 0.3887451171875 0.17173611111111112 0.027314453125 0.03258333333333333
9 0.45835205078125 0.13375925925925927 0.02296875 0.03919444444444444
9 0.53051025390625 0.04718055555555555 0.01855224609375 0.0483425925925926
9 0.55883544921875 0.16131944444444443 0.02400390625 0.03253703703703704
8 0.4530322265625 0.19570833333333335 0.009619140625 0.016555555555555556
8 0.419189453125 0.09462962962962963 0.0077294921875 0.013685185185185184
9 0.458515625 0.7589768518518519 0.024716796875 0.025953703703703705
2 0.32029296875 0.9774490740740741 0.044716796875 0.04510185185185185
9 0.6268115234375 0.21686574074074075 0.0222021484375 0.026046296296296297
9 0.573994140625 0.12553703703703706 0.02084228515625 0.033046296296296296
9 0.6725146484375 0.2071898148148148 0.0166259765625 0.04729166666666667
9 0.66990478515625 0.6912546296296296 0.01731689453125 0.03278703703703703
9 0.55923583984375 0.8812175925925926 0.02150146484375 0.033796296296296297
9 0.53156005859375 0.8652731481481482 0.0191015625 0.028810185185185185
9 0.5070556640625 0.8540462962962962 0.0198095703125 0.03500925925925926
9 0.4814599609375 0.8268194444444444 0.0198486328125 0.03353703703703704
9 0.45602294921875 0.8230462962962963 0.024619140625 0.02888425925925926
9 0.443212890625 0.8609444444444445 0.01906005859375 0.04654166666666667
9 0.42704833984375 0.8322268518518519 0.0202490234375 0.049638888888888885
9 0.39456298828125 0.8392268518518519 0.021279296875 0.033282407407407406
5 0.3533447265625 0.9487824074074074 0.01842041015625 0.040976851851851855
9 0.4932080078125 0.7651064814814815 0.02260009765625 0.03462962962962963
9 0.5523681640625 0.7847222222222222 0.0222998046875 0.04138888888888889
9 0.651298828125 0.9306527777777778 0.02365234375 0.04350462962962963
7 0.46744140625 0.9284953703703703 0.024462890625 0.050819444444444445
5 0.5271142578125 0.9458287037037038 0.0269189453125 0.038134259259259264
5 0.56696044921875 0.9454166666666666 0.0202392578125 0.034902777777777776
7 0.40474609375 0.9271759259259259 0.02648193359375 0.04859259259259259
9 0.0860205078125 0.24921759259259257 0.020078125 0.04423611111111111
9 0.17478759765625 0.3855925925925926 0.02471435546875 0.029050925925925924
8 0.17671875 0.3427268518518518 0.00830810546875 0.011819444444444445
9 0.20846435546875 0.4579768518518519 0.019423828125 0.030449074074074073
9 0.2649755859375 0.4697037037037037 0.017939453125 0.04672222222222222
9 0.30818115234375 0.4963287037037037 0.0198486328125 0.04011111111111111
3 0.4121484375 0.4388888888888889 0.0153955078125 0.05038425925925926
8 0.45427734375 0.5430462962962963 0.006875 0.011125000000000001
8 0.4540869140625 0.5553657407407407 0.0072607421875 0.015166666666666665
8 0.402880859375 0.7063240740740742 0.0081591796875 0.019120370370370367
8 0.4124755859375 0.6865277777777778 0.00715087890625 0.013212962962962963
8 0.41173828125 0.7237407407407407 0.006875 0.014773148148148148
8 0.498701171875 0.626287037037037 0.00738525390625 0.01686574074074074
8 0.5102978515625 0.5100601851851851 0.00845458984375 0.01803703703703704
8 0.531435546875 0.4519398148148148 0.00810302734375 0.016699074074074075
8 0.49233154296875 0.43874537037037037 0.005283203125 0.010356481481481482
8 0.49673583984375 0.4305601851851852 0.00598876953125 0.010689814814814815
9 0.58129150390625 0.8249212962962963 0.02181396484375 0.03696296296296296
8 0.6953466796875 0.8506805555555556 0.00927001953125 0.019939814814814816
6 0.6167822265625 0.8631342592592592 0.015263671875 0.028944444444444446
9 0.3681787109375 0.9001342592592593 0.01797607421875 0.03194444444444444
9 0.3931640625 0.882875 0.02023681640625 0.03816203703703704
9 0.41407958984375 0.8664722222222222 0.01571533203125 0.025513888888888888
9 0.65483154296875 0.7638842592592593 0.01739990234375 0.039518518518518515
9 0.62871826171875 0.7423981481481481 0.0168701171875 0.044648148148148145
9 0.68358154296875 0.15112962962962964 0.0222265625 0.034916666666666665
8 0.52052978515625 0.10841203703703703 0.0092333984375 0.01387962962962963
8 0.07268310546875 0.041449074074074076 0.01254638671875 0.02012962962962963
8 0.05894775390625 0.03536574074074074 0.01085693359375 0.02150462962962963
3 0.36357666015625 0.12726388888888887 0.027138671875 0.05096296296296296
3 0.316337890625 0.16319907407407408 0.0323388671875 0.032060185185185185
9 0.40774169921875 0.12740277777777778 0.0253271484375 0.03576851851851852
3 0.39850830078125 0.08096296296296296 0.02582275390625 0.0509074074074074
6 0.41267578125 0.14960185185185185 0.01664794921875 0.01738425925925926
9 0.27146240234375 0.41824074074074075 0.0223681640625 0.03409259259259259
9 0.30511962890625 0.41764814814814816 0.02404052734375 0.028939814814814814
9 0.42762939453125 0.6287499999999999 0.02111572265625 0.040435185185185185
2 0.30397216796875 0.7609583333333334 0.03010498046875 0.06382407407407407
9 0.29069580078125 0.6753287037037037 0.0202783203125 0.030527777777777775
8 0.0926123046875 0.3020833333333333 0.00961669921875 0.014273148148148148
8 0.28431884765625 0.22002314814814813 0.00752685546875 0.013476851851851851
8 0.29278564453125 0.23330092592592594 0.00606201171875 0.013083333333333334
8 0.16571044921875 0.34095833333333336 0.0123046875 0.012041666666666668
8 0.47718017578125 0.3309861111111111 0.0056884765625 0.019032407407407408
6 0.62555908203125 0.974199074074074 0.017900390625 0.020287037037037037
8 0.72297607421875 0.9422083333333333 0.00822998046875 0.017949074074074076
8 0.7432421875 0.8401805555555555 0.00884765625 0.015217592592592592
8 0.67719970703125 0.7317222222222222 0.00802490234375 0.01677777777777778
8 0.47820068359375 0.7924722222222222 0.008349609375 0.01876388888888889
5 0.49296630859375 0.9298240740740741 0.01808837890625 0.03430092592592593
5 0.5171630859375 0.8993333333333333 0.01669677734375 0.030199074074074076