3 0.1030859375 0.918375 0.09897216796875 0.1441898148148148
6 0.164375 0.8762453703703704 0.04962890625 0.08372685185185184
9 0.31822509765625 0.9365092592592592 0.07469482421875 0.12698148148148147
9 0.38784912109375 0.897912037037037 0.04697998046875 0.14097685185185185
9 0.3412109375 0.8131805555555556 0.0616796875 0.09571296296296297
9 0.40448974609375 0.785513888888889 0.03789794921875 0.08786574074074073
9 0.4503076171875 0.7661527777777778 0.02794677734375 0.09324537037037037
9 0.46363525390625 0.7287453703703703 0.0251318359375 0.07615740740740741
9 0.5012451171875 0.7336666666666667 0.02257080078125 0.0775138888888889
9 0.51436767578125 0.6809444444444444 0.01737548828125 0.05661111111111111
9 0.49186279296875 0.6961481481481482 0.01817138671875 0.06296296296296296
8 0.3666845703125 0.7219305555555555 0.0088720703125 0.05061111111111111
8 0.4446875 0.6435740740740741 0.0055224609375 0.033791666666666664
0 0.5404833984375 0.6830324074074073 0.01022216796875 0.05709722222222222
9 0.69472900390625 0.952337962962963 0.10037109375 0.09532407407407407
3 0.957841796875 0.8253564814814814 0.0752197265625 0.111
5 0.8483447265625 0.8659814814814815 0.10109375 0.06916666666666667
9 0.86416748046875 0.7637685185185186 0.03798095703125 0.09002777777777778
9 0.248125 0.8822453703703704 0.07703857421875 0.11400925925925925
8 0.2360595703125 0.7784907407407408 0.01501953125 0.08755555555555555
8 0.25048583984375 0.7835 0.013427734375 0.08031018518518518
8 0.29246337890625 0.8846157407407408 0.02357421875 0.07873148148148149
8 0.37447998046875 0.7182592592592593 0.0085791015625 0.04880555555555555
2 0.473056640625 0.6483935185185185 0.0296044921875 0.03521296296296297
9 0.526220703125 0.6384351851851852 0.0130322265625 0.04264351851851852
9 0.567177734375 0.627537037037037 0.01313720703125 0.035541666666666666
9 0.53253662109375 0.6309444444444444 0.0121337890625 0.037606481481481484
8 0.8289306640625 0.6851851851851852 0.00923095703125 0.04560185185185185
9 0.6863671875 0.6447037037037037 0.01521240234375 0.04463888888888889
9 0.66438720703125 0.6319490740740741 0.0130517578125 0.03765740740740741
9 0.72944580078125 0.6322546296296296 0.020498046875 0.03887037037037037
8 0.6962158203125 0.627625 0.00592529296875 0.03203703703703704
9 0.6358837890625 0.6111481481481481 0.01032958984375 0.03613888888888889
9 0.61670654296875 0.5981666666666666 0.00816650390625 0.025356481481481483
8 0.60719970703125 0.5865787037037037 0.00336669921875 0.02188425925925926