9 0.76070068359375 0.9355694444444445 0.06388427734375 0.12731481481481483
9 0.70841552734375 0.8479953703703704 0.03824951171875 0.09413425925925926
9 0.56721923828125 0.7689027777777777 0.02685546875 0.09027777777777778
9 0.545654296875 0.8040138888888889 0.03255126953125 0.07407407407407407
9 0.5218505859375 0.7226064814814814 0.01993896484375 0.08564814814814815
9 0.49031494140625 0.6813287037037037 0.0146484375 0.06481481481481481
7 0.43233154296875 0.6385046296296296 0.01261474609375 0.04243981481481481
6 0.4156494140625 0.6504629629629629 0.008544921875 0.040125
6 0.44596435546875 0.6678240740740741 0.009765625 0.03318055555555555
6 0.59407470703125 0.7557870370370371 0.01546142578125 0.06558796296296296
6 0.5670166015625 0.8850324074074074 0.02970458984375 0.12962962962962962
2 0.65165283203125 0.8557083333333333 0.10945556640625 0.15586574074074075
2 0.67342041015625 0.9584074074074074 0.11311767578125 0.08318518518518518
2 0.4890966796875 0.9307037037037037 0.10009765625 0.12808796296296296
2 0.44921875 0.8184351851851852 0.05615234375 0.06558796296296296
2 0.41056396484375 0.753087962962963 0.04069091796875 0.05555555555555555
2 0.46162841796875 0.7276250000000001 0.047607421875 0.07561574074074075
2 0.38167236328125 0.7048611111111112 0.03173828125 0.04706944444444445
2 0.34769775390625 0.7229953703703704 0.02970458984375 0.041666666666666664
2 0.3887939453125 0.6230694444444445 0.02400634765625 0.05169907407407408
3 0.3955078125 0.9016203703703703 0.05045654296875 0.10570833333333333
3 0.4486083984375 0.966050925925926 0.054931640625 0.06789814814814815
9 0.386962890625 0.8198287037037036 0.03499267578125 0.04398148148148148
9 0.3643798828125 0.7808657407407408 0.030517578125 0.033949074074074076
9 0.34220458984375 0.6547083333333333 0.0146484375 0.03935185185185185
9 0.3497314453125 0.6832546296296296 0.01505615234375 0.03781018518518518
9 0.32918212890625 0.6913564814814814 0.01708984375 0.032407407407407406
9 0.3131103515625 0.6658935185185185 0.01261474609375 0.027777777777777776
9 0.31880615234375 0.6755416666666667 0.01424072265625 0.020833333333333332
2 0.36397216796875 0.5952916666666667 0.013427734375 0.03163425925925926
7 0.31209228515625 0.6323287037037036 0.02278564453125 0.05324074074074074
8 0.211181640625 0.7955231481481481 0.009765625 0.0725324074074074
8 0.56396484375 0.6836435185185186 0.009765625 0.05246759259259259
8 0.57271240234375 0.6801712962962964 0.00447509765625 0.05632870370370371
8 0.60770751953125 0.7195231481481482 0.01424072265625 0.05941203703703704
8 0.533447265625 0.6628101851851852 0.00406982421875 0.03549537037037037
8 0.79020263671875 0.8148148148148148 0.01383544921875 0.08950462962962964
8 0.73201416015625 0.7920509259259259 0.01057861328125 0.08718981481481482
8 0.71329833984375 0.7862638888888889 0.01139404296875 0.05864351851851852
6 0.65388916015625 0.784337962962963 0.0146484375 0.034722222222222224
1 0.30354736328125 0.8560972222222223 0.13264892578125 0.28780555555555554