9 0.4498291015625 0.9529305555555555 0.037841796875 0.09413425925925926
9 0.4742431640625 0.8996898148148148 0.035400390625 0.09722222222222222
9 0.40181396484375 0.8684398148148148 0.035400390625 0.09644907407407408
9 0.43436767578125 0.8290879629629629 0.02726318359375 0.08101851851851852
9 0.39021728515625 0.7681342592592593 0.02522705078125 0.07021759259259258
9 0.41951416015625 0.7303240740740741 0.01871826171875 0.05169907407407408
9 0.38289306640625 0.7148935185185186 0.01302001953125 0.04243981481481481
9 0.3545458984375 0.6306574074074074 0.008681640625 0.025722222222222223
9 0.36892333984375 0.6365740740740741 0.0048828125 0.016976851851851854
9 0.36526123046875 0.6625509259259259 0.011123046875 0.032921296296296296
9 0.38981201171875 0.6718101851851851 0.01139404296875 0.025722222222222223
9 0.37990966796875 0.6453194444444444 0.01003662109375 0.014916666666666667
9 0.362548828125 0.6247407407407408 0.0067822265625 0.021092592592592593
2 0.39754150390625 0.6121388888888889 0.01491943359375 0.018518518518518517
2 0.428603515625 0.6766990740740741 0.02712646484375 0.04578240740740741
2 0.45925537109375 0.7196481481481481 0.03580810546875 0.048351851851851854
2 0.51486572265625 0.8382222222222222 0.05696533203125 0.08179166666666667
2 0.44216552734375 0.6123981481481481 0.010849609375 0.01800462962962963
6 0.42724609375 0.6064814814814815 0.0043408203125 0.024689814814814814
6 0.4180224609375 0.597736111111111 0.0043408203125 0.018518518518518517
6 0.41259765625 0.6460925925925926 0.003798828125 0.025722222222222223
3 0.39889892578125 0.638375 0.013291015625 0.03498148148148148
2 0.3838427734375 0.6136851851851851 0.0092236328125 0.020574074074074074
2 0.374619140625 0.6026250000000001 0.01139404296875 0.013888888888888888
9 0.34681640625 0.6980462962962963 0.0116650390625 0.029833333333333333
8 0.368515625 0.913324074074074 0.016005859375 0.08899074074074075
8 0.3473583984375 0.7587453703703704 0.01003662109375 0.05967129629629629
8 0.33406494140625 0.7515416666666667 0.0067822265625 0.028805555555555556
8 0.33216796875 0.6975324074074074 0.0029833984375 0.028805555555555556
8 0.3564453125 0.711675925925926 0.00759521484375 0.046810185185185184
8 0.36336181640625 0.7003611111111111 0.0067822265625 0.04372222222222222
7 0.48190673828125 0.6216574074074074 0.01003662109375 0.03137962962962963
2 0.3435595703125 0.589763888888889 0.00949462890625 0.013888888888888888
2 0.3618701171875 0.5943935185185185 0.00759521484375 0.016976851851851854