2 0.0802685546875 0.863537037037037 0.160537109375 0.17416203703703703
6 0.2315576171875 0.8874537037037038 0.10535888671875 0.22508796296296296
9 0.20593017578125 0.7241944444444445 0.08446044921875 0.1428333333333333
6 0.14516357421875 0.7176481481481481 0.0596875 0.10124537037037037
8 0.10440673828125 0.6679305555555556 0.01721435546875 0.09587037037037037
8 0.07772216796875 0.6598287037037037 0.02189453125 0.07344444444444444
8 0.03392578125 0.6814398148148149 0.024755859375 0.09102777777777778
8 0.01338134765625 0.6892685185185184 0.02676513671875 0.1033287037037037
5 0.232763671875 0.6938657407407407 0.0601708984375 0.05588425925925926
8 0.31174072265625 0.6268472222222222 0.01162841796875 0.06295833333333334
5 0.3547705078125 0.6383564814814814 0.03533447265625 0.054023148148148147
0 0.3836962890625 0.6424074074074073 0.01409912109375 0.06444444444444444
8 0.39718505859375 0.643912037037037 0.00787841796875 0.0836574074074074
2 0.35859619140625 0.7241435185185185 0.13026123046875 0.10912037037037037
5 0.47009521484375 0.639462962962963 0.036572265625 0.0754537037037037
8 0.42618408203125 0.5908564814814815 0.01153076171875 0.043680555555555556
8 0.36349853515625 0.5634583333333333 0.0703662109375 0.06858796296296296
2 0.49062744140625 0.7182361111111112 0.1144775390625 0.1605324074074074
2 0.53189697265625 0.6060185185185185 0.04515869140625 0.044148148148148145
9 0.56177978515625 0.6061203703703704 0.02181884765625 0.057833333333333334
6 0.59111083984375 0.6142222222222222 0.01431640625 0.0582962962962963
9 0.6001708984375 0.5866111111111111 0.019384765625 0.05007407407407407
6 0.56871337890625 0.7475185185185186 0.03483154296875 0.12047685185185186
6 0.63828369140625 0.6204768518518519 0.01761962890625 0.05968518518518518
5 0.67842041015625 0.784 0.05676025390625 0.1424675925925926
9 0.6478759765625 0.7189351851851852 0.04092529296875 0.1325324074074074
9 0.6377099609375 0.594486111111111 0.03977294921875 0.05863425925925926
6 0.67563232421875 0.5763611111111111 0.009453125 0.03443518518518518
9 0.67950927734375 0.5603935185185185 0.01110107421875 0.030041666666666668
8 0.5801416015625 0.5515324074074074 0.00494873046875 0.015791666666666666
8 0.5422216796875 0.5745138888888889 0.00678466796875 0.03302777777777778
8 0.649931640625 0.5546944444444445 0.00550048828125 0.02051388888888889
8 0.95612060546875 0.8624398148148148 0.0325048828125 0.2061759259259259
8 0.9839453125 0.8889722222222223 0.03211181640625 0.22205092592592593
8 0.98674560546875 0.8558055555555555 0.02650634765625 0.1939537037037037
9 0.7692578125 0.6003518518518518 0.01636962890625 0.050199074074074077
9 0.797392578125 0.5955 0.0153466796875 0.04389351851851852
9 0.76350341796875 0.5851944444444445 0.014580078125 0.04365277777777778
9 0.78019287109375 0.5644583333333334 0.0088232421875 0.02886111111111111
9 0.78824951171875 0.5620324074074075 0.0088232421875 0.026921296296296297
3 0.75704345703125 0.5630046296296296 0.0098486328125 0.02886111111111111