2 0.0403173828125 0.9569351851851852 0.0717626953125 0.08612962962962963
4 0.1946240234375 0.858125 0.07342529296875 0.06330555555555556
4 0.32118408203125 0.7999722222222222 0.041552734375 0.05734722222222222
3 0.26808349609375 0.8773148148148148 0.0419580078125 0.058263888888888886
3 0.32556884765625 0.9202592592592592 0.046416015625 0.0836574074074074
2 0.304169921875 0.9699953703703704 0.12599609375 0.06001388888888889
2 0.3921240234375 0.874199074074074 0.052666015625 0.04770833333333333
9 0.38010498046875 0.9403842592592593 0.030439453125 0.09001851851851851
2 0.43600341796875 0.8922638888888889 0.06419189453125 0.08814814814814816
9 0.43127685546875 0.9578472222222222 0.06633056640625 0.05537037037037037
9 0.4834423828125 0.9666435185185185 0.03279052734375 0.06555555555555555
9 0.499716796875 0.910625 0.0262841796875 0.05388888888888889
2 0.53853271484375 0.9582870370370371 0.0479345703125 0.0834212962962963
9 0.52925537109375 0.8879305555555556 0.05672119140625 0.06866203703703704
3 0.482626953125 0.8241944444444445 0.031162109375 0.053865740740740735
9 0.45699462890625 0.826662037037037 0.0254638671875 0.058805555555555555
3 0.37216552734375 0.8209074074074074 0.0257958984375 0.048962962962962965
9 0.34416015625 0.8670833333333334 0.02359375 0.0587037037037037
9 0.3048583984375 0.8531944444444445 0.02407470703125 0.06795833333333333
4 0.3633251953125 0.7777175925925925 0.03165283203125 0.04663888888888889
2 0.37479736328125 0.7578055555555555 0.0184716796875 0.04385185185185185
2 0.3611279296875 0.7360416666666666 0.02139892578125 0.03736574074074074
2 0.41758056640625 0.7578055555555555 0.02201904296875 0.04385185185185185
2 0.44736328125 0.7816527777777778 0.02593017578125 0.04987962962962963
9 0.40183349609375 0.8198518518518519 0.0217724609375 0.038314814814814815
9 0.43173828125 0.8317731481481482 0.02787841796875 0.04595833333333333
2 0.39951416015625 0.7018935185185184 0.0190869140625 0.031564814814814816
2 0.38053466796875 0.7169444444444444 0.0143212890625 0.029254629629629627
9 0.3343359375 0.7420648148148148 0.02249267578125 0.049402777777777775
2 0.55813232421875 0.8377962962962964 0.04730712890625 0.07651851851851851
2 0.6125634765625 0.8930046296296297 0.06670166015625 0.09193981481481482
9 0.6653173828125 0.9294398148148147 0.05948974609375 0.09297222222222222
6 0.58546142578125 0.9624907407407407 0.02616943359375 0.06350925925925927
2 0.35783203125 0.6760787037037037 0.01578369140625 0.02238425925925926
2 0.34458740234375 0.65825 0.0215185546875 0.034888888888888886
9 0.40780029296875 0.6620324074074074 0.01241455078125 0.031703703703703706
9 0.49368408203125 0.7743472222222222 0.03930419921875 0.05838888888888889
9 0.78869873046875 0.9506481481481482 0.05463134765625 0.0987037037037037
9 0.89894775390625 0.9503611111111112 0.04528076171875 0.0975
8 0.7336328125 0.8155601851851851 0.01025634765625 0.04235648148148148
2 0.5991552734375 0.82075 0.0324853515625 0.05232407407407407
8 0.8763671875 0.9606435185185184 0.01410400390625 0.06686574074074074
8 0.7863330078125 0.8460833333333333 0.0145751953125 0.06062499999999999
8 0.7440185546875 0.8393935185185185 0.00893310546875 0.05260185185185185
8 0.75953369140625 0.8509861111111111 0.01739501953125 0.04725
8 0.65680419921875 0.7627222222222222 0.0084619140625 0.03833796296296296
8 0.70640625 0.7966018518518518 0.00893310546875 0.04546759259259259
8 0.7209814453125 0.7988287037037037 0.0079931640625 0.04100925925925926
8 0.71063720703125 0.949949074074074 0.02209716796875 0.08291203703703703
9 0.68242919921875 0.8652500000000001 0.02679931640625 0.05260185185185185
9 0.64364013671875 0.8220092592592593 0.02350830078125 0.05884259259259259
9 0.7277978515625 0.9075972222222223 0.03667236328125 0.08737037037037038
9 0.84651123046875 0.9538009259259259 0.04184326171875 0.09240277777777778
8 0.258349609375 0.805513888888889 0.0117529296875 0.04903703703703704
8 0.209453125 0.7876851851851853 0.0126953125 0.05616666666666666
8 0.22003173828125 0.7867916666666667 0.01222412109375 0.061518518518518514
6 0.20287109375 0.7350833333333333 0.01363525390625 0.04368518518518519
8 0.146923828125 0.7341898148148148 0.0126953125 0.05260185185185185
6 0.30348388671875 0.7645046296296296 0.01081298828125 0.061518518518518514
10 0.38142822265625 0.6533240740740741 0.025947265625 0.0492037037037037
2 0.6071728515625 0.8889490740740741 0.0588134765625 0.08745833333333333
2 0.34913818359375 0.6183333333333333 0.01095458984375 0.027337962962962963