9 0.051484375 0.9704305555555556 0.06330078125 0.05914351851851852
9 0.08114013671875 0.937287037037037 0.07513671875 0.10457407407407407
9 0.1378271484375 0.9156712962962963 0.0862548828125 0.13671759259259259
6 0.19619384765625 0.8492824074074075 0.03644287109375 0.08980555555555556
7 0.090087890625 0.845212962962963 0.0698828125 0.13810185185185186
5 0.22128173828125 0.8362175925925927 0.04169677734375 0.06951851851851852
8 0.293876953125 0.7849074074074075 0.01466552734375 0.0767175925925926
3 0.3693896484375 0.783125 0.03732421875 0.08748611111111111
3 0.39763916015625 0.7420509259259259 0.02793212890625 0.07330092592592594
8 0.4320849609375 0.7121388888888889 0.0089404296875 0.054268518518518515
9 0.3804296875 0.688050925925926 0.01713623046875 0.05204166666666667
9 0.40670654296875 0.6893657407407408 0.01700927734375 0.04531944444444445
9 0.402998046875 0.6634537037037037 0.01311767578125 0.03844907407407407
2 0.6289404296875 0.8757083333333333 0.09986572265625 0.13191666666666665
9 0.50345947265625 0.728162037037037 0.02856201171875 0.06898611111111111
8 0.47347412109375 0.6763564814814815 0.0074072265625 0.04531018518518519
9 0.4607763671875 0.6461435185185186 0.0116259765625 0.040921296296296296
7 0.56994140625 0.752699074074074 0.046962890625 0.11558796296296296
5 0.725849609375 0.9456342592592593 0.07604736328125 0.05688425925925926
5 0.80625244140625 0.9862314814814815 0.07564697265625 0.027398148148148147
6 0.882744140625 0.938837962962963 0.07891357421875 0.11985648148148148
2 0.25780517578125 0.7944490740740741 0.0748583984375 0.0777037037037037
8 0.31594482421875 0.8040462962962963 0.01278564453125 0.07274074074074074
8 0.2114892578125 0.7694351851851852 0.01464111328125 0.07156481481481482
8 0.24685791015625 0.7377592592592592 0.0131982421875 0.05044907407407408
8 0.42019287109375 0.6491805555555555 0.0059814453125 0.03285185185185185
8 0.43225830078125 0.649962962962963 0.005361328125 0.03050462962962963
6 0.42339111328125 0.6712777777777778 0.00989990234375 0.04184259259259259
8 0.12353271484375 0.7657222222222222 0.01113525390625 0.06413425925925927
8 0.22169677734375 0.7285694444444445 0.01196044921875 0.06804629629629629
8 0.196845703125 0.7410833333333333 0.01175537109375 0.050055555555555555