3 0.5724462890625 0.8543425925925926 0.086064453125 0.14757870370370368
3 0.6548388671875 0.9585648148148148 0.123916015625 0.08287037037037037
3 0.388134765625 0.8478564814814814 0.0689453125 0.0790462962962963
8 0.370556640625 0.7608101851851852 0.0357421875 0.09013425925925926
8 0.44953125 0.7999166666666666 0.01939697265625 0.09554166666666666
8 0.2499609375 0.7712129629629629 0.0205859375 0.08813425925925926
8 0.2028466796875 0.8274722222222222 0.02204345703125 0.109875
8 0.17611572265625 0.7661342592592593 0.0242333984375 0.09615277777777778
9 0.035625 0.799699074074074 0.07083984375 0.11236574074074074
0 0.0866455078125 0.9355879629629629 0.054248046875 0.1288287037037037
2 0.0577587890625 0.9728611111111112 0.115517578125 0.05427314814814815
5 0.7493115234375 0.8916111111111111 0.086337890625 0.06933796296296296
5 0.64775634765625 0.8390462962962962 0.0550732421875 0.11449999999999999
8 0.76322998046875 0.8105555555555556 0.0267626953125 0.0788888888888889
5 0.838779296875 0.9011064814814815 0.05632568359375 0.0651712962962963
9 0.91433837890625 0.9165972222222222 0.1176123046875 0.14458333333333334
8 0.8538818359375 0.7951388888888888 0.018310546875 0.09490740740740741
8 0.87890625 0.8287037037037037 0.01220703125 0.06018518518518518
8 0.877685546875 0.7951388888888888 0.0146484375 0.07175925925925926
6 0.8062744140625 0.7777777777777778 0.035400390625 0.0787037037037037
8 0.6988525390625 0.7997685185185185 0.015869140625 0.09490740740740741
8 0.5401611328125 0.8043981481481481 0.015869140625 0.09953703703703703
8 0.19775390625 0.7534722222222222 0.0146484375 0.07175925925925926