9 0.8620458984375 0.5929629629629629 0.0123779296875 0.039643518518518515
2 0.6997265625 0.7265 0.03940185546875 0.07725000000000001
3 0.61045654296875 0.9246064814814815 0.056962890625 0.15078703703703702
8 0.5295947265625 0.7531203703703704 0.0156982421875 0.08240277777777778
2 0.76984130859375 0.7548981481481482 0.04985107421875 0.08430555555555555
2 0.75455322265625 0.7080416666666666 0.0531591796875 0.06633333333333333
6 0.6261328125 0.6246388888888889 0.00904296875 0.036537037037037035
2 0.91344482421875 0.6296388888888889 0.0304248046875 0.048546296296296296
9 0.727412109375 0.5865277777777779 0.01380859375 0.040125
9 0.920703125 0.6905648148148148 0.01460693359375 0.06584722222222222
10 0.71185302734375 0.5792638888888889 0.0186376953125 0.04050462962962963
3 0.69267822265625 0.6469907407407407 0.02373046875 0.05332407407407408
8 0.86078125 0.6020185185185185 0.00688720703125 0.03868055555555555
10 0.8293115234375 0.5668101851851851 0.025078125 0.04431018518518518
9 0.8118115234375 0.5845277777777778 0.014013671875 0.03860185185185185
2 0.7722607421875 0.6535185185185185 0.03585205078125 0.05763425925925926
6 0.74923828125 0.5562916666666666 0.005595703125 0.02539814814814815
7 0.585791015625 0.616337962962963 0.0191259765625 0.06351388888888888
9 0.87767333984375 0.635 0.019990234375 0.05749537037037037
2 0.84519287109375 0.5878194444444444 0.02615966796875 0.03265740740740741
2 0.65780517578125 0.6613287037037037 0.03178955078125 0.05437037037037037
10 0.65685546875 0.6207546296296296 0.02465087890625 0.04729166666666667
2 0.6461669921875 0.593412037037037 0.01424560546875 0.03506481481481481
2 0.67810546875 0.5863657407407408 0.0159423828125 0.031356481481481485
2 0.69407470703125 0.5722222222222222 0.01762939453125 0.025203703703703704
3 0.685361328125 0.5914351851851852 0.01354248046875 0.03200925925925926
2 0.67632568359375 0.5706064814814815 0.014287109375 0.014300925925925927
2 0.67080322265625 0.5632592592592593 0.014912109375 0.015407407407407408
2 0.6863671875 0.5549861111111111 0.0129345703125 0.016930555555555556
2 0.6923095703125 0.5358981481481482 0.0093359375 0.016699074074074075
2 0.67882080078125 0.5470601851851852 0.012607421875 0.012824074074074075
2 0.62563720703125 0.5958009259259259 0.0207421875 0.037078703703703704
3 0.6244189453125 0.6742268518518518 0.02355224609375 0.0628425925925926
2 0.64830078125 0.7473425925925926 0.067021484375 0.11324537037037037
2 0.66859619140625 0.6831712962962964 0.04039306640625 0.05450925925925926
3 0.68661865234375 0.6325787037037036 0.01912109375 0.04825462962962963
2 0.73558837890625 0.6539583333333333 0.03230224609375 0.06479166666666666
2 0.72220947265625 0.6424537037037037 0.0274755859375 0.04721759259259259
2 0.694130859375 0.6174675925925927 0.0208984375 0.033407407407407406
2 0.69433349609375 0.5995879629629629 0.01892333984375 0.02476851851851852
2 0.70233154296875 0.5468518518518519 0.0138134765625 0.020162037037037037
2 0.66461181640625 0.5352824074074074 0.01396484375 0.01921759259259259
2 0.66435791015625 0.5992916666666667 0.021416015625 0.041171296296296296