8 0.7586669921875 0.8325601851851852 0.020751953125 0.1111111111111111
8 0.62255859375 0.8028564814814815 0.02034423828125 0.09181944444444445
8 0.58695556640625 0.8001527777777777 0.013427734375 0.09259259259259259
8 0.60343505859375 0.7920509259259259 0.01708984375 0.08564814814814815
9 0.71085693359375 0.6763101851851852 0.03255126953125 0.05324074074074074
2 0.72530029296875 0.653550925925926 0.057373046875 0.046296296296296294
2 0.75653076171875 0.5946203703703704 0.0225830078125 0.028356481481481483
2 0.719755859375 0.6035879629629629 0.03021240234375 0.02546296296296296
3 0.6622314453125 0.6660879629629629 0.028076171875 0.04398148148148148
6 0.43701171875 0.8425925925925926 0.0445556640625 0.05092592592592592
2 0.40176513671875 0.7277222222222223 0.04791259765625 0.06886574074074074