7 0.07464111328125 0.8326712962962962 0.0728271484375 0.15314814814814814
8 0.021845703125 0.9137824074074073 0.02160400390625 0.11404166666666667
9 0.12391845703125 0.8910787037037037 0.08655517578125 0.1337962962962963
9 0.2428173828125 0.9121157407407408 0.0704248046875 0.16071296296296295
9 0.325830078125 0.8568240740740741 0.039072265625 0.12209722222222223
8 0.3401025390625 0.7053564814814814 0.0097705078125 0.06325925925925925
3 0.40082275390625 0.6673101851851853 0.02036865234375 0.05332407407407408
9 0.48184814453125 0.7408333333333333 0.02667236328125 0.08250462962962964
9 0.5011669921875 0.7286157407407408 0.02132080078125 0.07877777777777778
2 0.6159228515625 0.8644212962962964 0.0829833984375 0.1262638888888889
7 0.5606884765625 0.7424305555555556 0.03687744140625 0.11724074074074074
6 0.60961669921875 0.9559907407407408 0.04949462890625 0.08801851851851852
5 0.708193359375 0.9542175925925926 0.06516845703125 0.09072685185185185
6 0.8909130859375 0.9338842592592593 0.054033203125 0.10715277777777778
2 0.46487060546875 0.6868981481481482 0.02716796875 0.07182407407407407
8 0.3474169921875 0.7098472222222222 0.01063232421875 0.055453703703703706
8 0.36901611328125 0.669675925925926 0.0073095703125 0.04568518518518519
8 0.32390625 0.6707777777777778 0.00947021484375 0.04662962962962963
9 0.388671875 0.6386203703703704 0.01177490234375 0.04005555555555555
9 0.4021484375 0.6319444444444444 0.01129150390625 0.021180555555555557
3 0.41738525390625 0.612837962962963 0.01384033203125 0.033611111111111105
6 0.2194140625 0.85575 0.03740966796875 0.0905
2 0.24771240234375 0.774162037037037 0.07055908203125 0.07638425925925926
5 0.203427734375 0.8194027777777778 0.05502197265625 0.07315740740740741
8 0.04233642578125 0.9017083333333333 0.01560302734375 0.11069907407407407
8 0.11123046875 0.744800925925926 0.01419921875 0.0615
8 0.0966796875 0.7391481481481481 0.01489990234375 0.0615
9 0.3246240234375 0.7565555555555556 0.02925048828125 0.08050462962962962
9 0.31132568359375 0.7270185185185185 0.030771484375 0.07138888888888888
9 0.44274169921875 0.6384351851851852 0.01255615234375 0.041125
8 0.446337890625 0.6566898148148148 0.008984375 0.04353240740740741
8 0.198759765625 0.7416666666666667 0.01619140625 0.07744444444444444
8 0.28859375 0.8686018518518519 0.02085205078125 0.10681018518518519
6 0.32873779296875 0.9215462962962963 0.0368603515625 0.1224212962962963
8 0.2229638671875 0.7088148148148148 0.01229248046875 0.06648611111111112
9 0.4034375 0.609550925925926 0.00951416015625 0.032185185185185185
8 0.2735693359375 0.8579583333333334 0.01557373046875 0.09815277777777777
5 0.78784423828125 0.974037037037037 0.064814453125 0.051925925925925924
6 0.40062255859375 0.6128101851851853 0.00708251953125 0.02323611111111111
8 0.18243408203125 0.7193101851851852 0.01429931640625 0.052861111111111116
8 0.20825439453125 0.7052638888888888 0.010390625 0.05871296296296296
9 0.391416015625 0.598712962962963 0.0090869140625 0.02824537037037037