2 0.0910400390625 0.8742500000000001 0.072314453125 0.05960648148148148
2 0.26876220703125 0.9777777777777777 0.10749755859375 0.044444444444444446
2 0.35896484375 0.934212962962963 0.1394921875 0.11009722222222222
2 0.43207763671875 0.9858796296296296 0.0884814453125 0.02824074074074074
4 0.25261962890625 0.7942731481481482 0.06659912109375 0.046023148148148146
4 0.367373046875 0.7676064814814815 0.03863037109375 0.06628703703703705
9 0.213154296875 0.847412037037037 0.04626953125 0.06566666666666666
3 0.3159765625 0.8220416666666667 0.03894775390625 0.05519444444444444
3 0.3971044921875 0.8303796296296296 0.04758544921875 0.07804166666666666
9 0.4279443359375 0.8337685185185185 0.02334228515625 0.04161574074074074
9 0.4236328125 0.8975185185185186 0.03033935546875 0.07960185185185185
2 0.477900390625 0.8434675925925926 0.04640869140625 0.05631944444444445
9 0.51817138671875 0.9466064814814815 0.03716796875 0.10678703703703704
9 0.473330078125 0.9319537037037037 0.0508251953125 0.04609722222222222
9 0.58979736328125 0.9841712962962963 0.0528271484375 0.03166203703703704
5 0.64724853515625 0.9468425925925926 0.0648779296875 0.08355092592592593
9 0.529697265625 0.873537037037037 0.02817138671875 0.04543518518518518
3 0.57147216796875 0.9380740740740741 0.03438720703125 0.11131944444444444
9 0.6060693359375 0.9153564814814815 0.03664306640625 0.08113425925925925
2 0.44755615234375 0.8179675925925926 0.03132080078125 0.06962037037037037
9 0.56346923828125 0.8725740740740741 0.02477294921875 0.05325
9 0.53304931640625 0.8246064814814815 0.0449853515625 0.04318981481481482
9 0.53396484375 0.8061990740740741 0.02240478515625 0.041101851851851855
3 0.50735595703125 0.7536481481481482 0.02191162109375 0.07025925925925926
9 0.489228515625 0.7853657407407408 0.017880859375 0.07350925925925926
9 0.4682958984375 0.7779537037037038 0.021904296875 0.049430555555555554
9 0.41484375 0.781074074074074 0.02100830078125 0.044694444444444446
3 0.433203125 0.7393703703703703 0.020068359375 0.049185185185185186
2 0.4027392578125 0.6794537037037036 0.0190869140625 0.02971759259259259
4 0.41233154296875 0.7020185185185185 0.0251904296875 0.036439814814814814
9 0.38543701171875 0.7137731481481482 0.018037109375 0.042555555555555555
2 0.4460205078125 0.6645092592592592 0.02129150390625 0.02624537037037037
9 0.43611572265625 0.6998981481481481 0.01182373046875 0.02847222222222222
9 0.432177734375 0.6871898148148148 0.01360595703125 0.029884259259259256
2 0.392763671875 0.6160462962962964 0.012138671875 0.013550925925925926
2 0.66368408203125 0.8691249999999999 0.0704638671875 0.11619444444444443
9 0.68717041015625 0.9739814814814816 0.0721435546875 0.05203703703703704
10 0.73366943359375 0.9611111111111111 0.10291748046875 0.07777777777777778
10 0.6617626953125 0.7891851851851852 0.067099609375 0.041791666666666664
9 0.69673095703125 0.8534305555555556 0.0227978515625 0.08927314814814816
9 0.74795166015625 0.8684398148148148 0.033193359375 0.06773148148148149
6 0.79515869140625 0.9001157407407407 0.02457275390625 0.06298148148148147
2 0.53036376953125 0.7391712962962963 0.0308251953125 0.048976851851851855
2 0.5135791015625 0.6921759259259259 0.02655029296875 0.03759722222222222
2 0.477265625 0.6739768518518519 0.02421875 0.03305092592592593
9 0.8882763671875 0.9499398148148147 0.061337890625 0.09024074074074073
9 0.8339990234375 0.9473194444444445 0.06084228515625 0.09240277777777778
8 0.84441162109375 0.8426388888888888 0.0144189453125 0.05398611111111111
8 0.75380615234375 0.7903287037037037 0.01247802734375 0.04586111111111111
8 0.8185791015625 0.8812222222222222 0.0120751953125 0.042083333333333334
8 0.780029296875 0.8619305555555555 0.01325439453125 0.043583333333333335
9 0.74734619140625 0.8326203703703704 0.03713623046875 0.05325
6 0.45731201171875 0.879337962962963 0.0191455078125 0.06947222222222223
8 0.29645263671875 0.7691527777777777 0.01291015625 0.05843518518518519
8 0.307607421875 0.7116481481481481 0.01016845703125 0.05328240740740741
8 0.3350048828125 0.6845740740740741 0.0085986328125 0.03475
10 0.4054443359375 0.5899444444444444 0.01561279296875 0.02661111111111111
9 0.470224609375 0.9658009259259259 0.05984375 0.06279166666666666
8 0.4017333984375 0.8971666666666667 0.0160205078125 0.0739675925925926
8 0.50310302734375 0.8044212962962963 0.01600341796875 0.0502962962962963
9 0.3817724609375 0.6701296296296296 0.00976318359375 0.02961574074074074
8 0.7780712890625 0.8018287037037037 0.00856201171875 0.0555
8 0.87161376953125 0.8756527777777778 0.01480712890625 0.06063888888888888