9 0.10805908203125 0.9530601851851852 0.0811767578125 0.09388425925925925
9 0.12718994140625 0.9057268518518518 0.071669921875 0.08488425925925926
9 0.19737060546875 0.8577824074074074 0.04474365234375 0.06926388888888889
9 0.1061474609375 0.873199074074074 0.04917724609375 0.12181481481481482
9 0.2065771484375 0.801125 0.027958984375 0.08125462962962962
8 0.154443359375 0.7709444444444444 0.01361083984375 0.06983796296296296
9 0.2406689453125 0.7679027777777778 0.02530029296875 0.07030092592592592
6 0.28394775390625 0.7552083333333334 0.01619140625 0.06471296296296296
7 0.26234375 0.7352824074074075 0.0376904296875 0.10196296296296296
9 0.33325439453125 0.759550925925926 0.0257470703125 0.07681481481481481
9 0.3564404296875 0.7685462962962962 0.02700927734375 0.08381018518518518
6 0.31779541015625 0.7180416666666667 0.01697021484375 0.06074537037037037
9 0.3548193359375 0.6859212962962963 0.0238525390625 0.0465462962962963
9 0.38569580078125 0.680337962962963 0.01446044921875 0.04931481481481481
9 0.40952392578125 0.652425925925926 0.0115625 0.03833796296296296
9 0.38990966796875 0.6318842592592592 0.009560546875 0.03133333333333334
9 0.37637939453125 0.6173101851851852 0.00997314453125 0.029805555555555554
9 0.395478515625 0.6639027777777777 0.01266845703125 0.04511574074074074
9 0.42053955078125 0.7212407407407407 0.01739990234375 0.06618055555555555
9 0.4615380859375 0.8407824074074074 0.03157470703125 0.11497685185185184
8 0.4636279296875 0.6801435185185185 0.0107861328125 0.04313888888888889
2 0.439580078125 0.6047453703703703 0.024541015625 0.027462962962962963
1 0.48470458984375 0.595675925925926 0.0458740234375 0.07060648148148148
9 0.48823486328125 0.6537824074074075 0.00576416015625 0.03317592592592592
3 0.49678955078125 0.6415925925925926 0.01376708984375 0.01867592592592593
7 0.5038623046875 0.6786574074074074 0.02353759765625 0.06287037037037038
9 0.52937744140625 0.7131944444444445 0.0322607421875 0.05938425925925926
9 0.53409912109375 0.8288703703703704 0.039140625 0.09081018518518519
8 0.5468017578125 0.6995185185185185 0.0071142578125 0.05223611111111111
3 0.6029150390625 0.8234907407407407 0.043935546875 0.09561574074074074
9 0.63337646484375 0.8631481481481482 0.07476318359375 0.11524074074074074
9 0.67157470703125 0.9495185185185185 0.0758251953125 0.10096296296296296
6 0.64883544921875 0.8178749999999999 0.03810791015625 0.08027777777777778
3 0.742744140625 0.9347453703703703 0.09614990234375 0.13050925925925924
9 0.8293310546875 0.931861111111111 0.0981982421875 0.13627314814814817
3 0.7977685546875 0.8905555555555555 0.09058837890625 0.12436111111111112
6 0.73806884765625 0.8395694444444445 0.0362548828125 0.07824537037037037
9 0.9510498046875 0.93875 0.09789794921875 0.12250000000000001
3 0.9506689453125 0.9075509259259259 0.098662109375 0.12969444444444445
9 0.18896240234375 0.9095740740740741 0.0592919921875 0.11962037037037036
9 0.3724951171875 0.6687546296296296 0.0138671875 0.044550925925925924
9 0.448544921875 0.7006574074074075 0.01579345703125 0.057101851851851855
9 0.47068115234375 0.7496666666666667 0.02362060546875 0.07288888888888889
6 0.93525634765625 0.9570555555555554 0.07927734375 0.08588425925925926
9 0.69100830078125 0.8811527777777778 0.05604736328125 0.1005925925925926
6 0.5742138671875 0.8130555555555555 0.0173974609375 0.060550925925925925
8 0.55532958984375 0.6978009259259259 0.00693603515625 0.050527777777777776
8 0.5636962890625 0.6997824074074074 0.00913818359375 0.05115740740740741
8 0.571845703125 0.6986342592592593 0.00891845703125 0.05387037037037037
9 0.50836669921875 0.8051805555555556 0.0301953125 0.0770787037037037
3 0.49394775390625 0.7374074074074074 0.02459716796875 0.0699212962962963
3 0.49076171875 0.6990694444444444 0.020048828125 0.025435185185185186
3 0.480400390625 0.6962361111111111 0.0178369140625 0.03862962962962963
2 0.42607421875 0.6887083333333333 0.02880126953125 0.04423148148148148
8 0.42685791015625 0.649263888888889 0.00759521484375 0.03389814814814815
8 0.4337158203125 0.6498796296296296 0.008369140625 0.03319907407407407
9 0.47059814453125 0.6433564814814815 0.01099609375 0.0387037037037037
6 0.05406982421875 0.9029675925925926 0.04659423828125 0.09473148148148149
8 0.3785498046875 0.7252592592592593 0.013212890625 0.04781481481481482
9 0.4437353515625 0.6167870370370371 0.015634765625 0.033407407407407406
9 0.55692626953125 0.894800925925926 0.05989990234375 0.1350925925925926
7 0.526591796875 0.7625277777777778 0.02895751953125 0.04259259259259259
7 0.5562646484375 0.7913425925925925 0.030390625 0.0547037037037037
9 0.5052294921875 0.6246157407407408 0.0097998046875 0.029439814814814818
9 0.4905859375 0.6222175925925926 0.0117822265625 0.029648148148148153
9 0.295859375 0.735699074074074 0.0176171875 0.05825462962962963
2 0.2690478515625 0.7193055555555555 0.0694775390625 0.03883796296296296