2 0.3771484375 0.6834675925925926 0.03232666015625 0.05806481481481481
3 0.602958984375 0.7455138888888888 0.04700927734375 0.08674537037037038
2 0.457646484375 0.6518703703703703 0.03229736328125 0.06138425925925926
9 0.482587890625 0.6502453703703703 0.01578369140625 0.04765277777777778
9 0.72744140625 0.789 0.04934814453125 0.0911388888888889
8 0.23822265625 0.9546111111111111 0.02680908203125 0.09077777777777778
9 0.30205078125 0.6908240740740741 0.02236572265625 0.04612962962962963
9 0.306748046875 0.6514675925925927 0.01906982421875 0.04151388888888889
9 0.29222412109375 0.5956712962962963 0.0114990234375 0.03273148148148148
3 0.322431640625 0.6013425925925926 0.01595947265625 0.028328703703703703
3 0.31254638671875 0.5750648148148149 0.0160205078125 0.02764351851851852
6 0.331708984375 0.6183611111111111 0.00943115234375 0.033652777777777775
7 0.27300048828125 0.7566851851851852 0.0194287109375 0.09264814814814815
9 0.4499267578125 0.6182407407407408 0.02080078125 0.03156944444444444
9 0.38572265625 0.5829351851851853 0.012490234375 0.03968055555555555
2 0.37272216796875 0.5593287037037038 0.0201806640625 0.03347222222222222
9 0.3033447265625 0.6192129629629629 0.013427734375 0.020833333333333332
8 0.5828857421875 0.6724537037037037 0.010986328125 0.03935185185185185
3 0.4364013671875 0.6192129629629629 0.013427734375 0.034722222222222224