2 0.03508544921875 0.25075925925925924 0.03489990234375 0.07102314814814814
8 0.03410888671875 0.17386574074074074 0.0137353515625 0.020833333333333332
9 0.100107421875 0.18637962962962962 0.0312060546875 0.03618518518518518
7 0.11984619140625 0.3114259259259259 0.0732958984375 0.08177777777777777
9 0.16480224609375 0.21897685185185187 0.021279296875 0.03208333333333333
9 0.1745263671875 0.378875 0.02510498046875 0.030171296296296297
9 0.22126953125 0.3063333333333333 0.0252001953125 0.030814814814814816
9 0.20670654296875 0.34530092592592593 0.02113037109375 0.029097222222222222
8 0.193037109375 0.2859583333333333 0.008447265625 0.014787037037037038
9 0.28840576171875 0.4871342592592593 0.01560302734375 0.0447962962962963
9 0.26404052734375 0.4624537037037037 0.01765869140625 0.04651851851851852
9 0.31901123046875 0.3656111111111111 0.02146728515625 0.035194444444444445
9 0.22373779296875 0.20396296296296296 0.03050537109375 0.03360185185185185
9 0.2647265625 0.17739814814814814 0.02959716796875 0.02938425925925926
3 0.2380078125 0.1745972222222222 0.02689208984375 0.028814814814814817
3 0.16329345703125 0.08431481481481481 0.02837646484375 0.04636574074074074
3 0.13145751953125 0.06276851851851853 0.0325341796875 0.04215740740740741
3 0.0968896484375 0.02289814814814815 0.031767578125 0.043939814814814813
5 0.23785888671875 0.11188425925925925 0.0183544921875 0.028287037037037038
5 0.19708740234375 0.06068518518518519 0.0226904296875 0.034083333333333334
3 0.346015625 0.1748148148148148 0.026669921875 0.05025462962962963
3 0.398896484375 0.07113888888888889 0.02591796875 0.04773611111111111
3 0.43207763671875 0.06575925925925925 0.02695556640625 0.042624999999999996
9 0.47116455078125 0.08362037037037037 0.01219970703125 0.04309259259259259
9 0.38984375 0.16466666666666668 0.0259130859375 0.03265277777777778
9 0.40683349609375 0.11906944444444445 0.0237255859375 0.03891666666666667
9 0.4553466796875 0.18476388888888887 0.0196630859375 0.04413888888888889
2 0.49431396484375 0.2750787037037037 0.038662109375 0.08429166666666667
3 0.45112548828125 0.2991990740740741 0.02500244140625 0.05285648148148148
2 0.42707275390625 0.4549722222222222 0.0373828125 0.08395833333333333
6 0.3827490234375 0.2977638888888889 0.02055908203125 0.017291666666666667
9 0.37478759765625 0.5266481481481481 0.02076416015625 0.039842592592592596
9 0.3429345703125 0.5396157407407407 0.0195263671875 0.04474537037037037
5 0.3122607421875 0.5639907407407407 0.0186865234375 0.035972222222222225
3 0.5238623046875 0.7354861111111112 0.02825927734375 0.04318981481481482
2 0.3183984375 0.9746944444444445 0.0440380859375 0.05060648148148148
2 0.6914453125 0.3933101851851852 0.025595703125 0.0909537037037037
9 0.71444091796875 0.5542916666666666 0.0149365234375 0.04695833333333334
9 0.68390869140625 0.5225185185185186 0.01443359375 0.048046296296296295
7 0.4034375 0.919625 0.02662353515625 0.049115740740740745
7 0.46552734375 0.925175925925926 0.0245166015625 0.045412037037037035
9 0.504443359375 0.8486805555555555 0.021640625 0.03782407407407407
9 0.50580078125 0.7814907407407408 0.0231201171875 0.0287962962962963
5 0.52394775390625 0.9381203703703703 0.0248291015625 0.038481481481481485
5 0.3513916015625 0.9414490740740741 0.0179052734375 0.03651851851851852
9 0.08227294921875 0.23877777777777778 0.02253173828125 0.044134259259259255
9 0.088984375 0.20662037037037037 0.02080078125 0.030055555555555558
8 0.0417236328125 0.1976527777777778 0.01140869140625 0.013907407407407407
8 0.041806640625 0.18297222222222223 0.011572265625 0.012361111111111111
8 0.1957470703125 0.3001064814814815 0.01043212890625 0.011125000000000001
9 0.254013671875 0.40442129629629625 0.02167724609375 0.029981481481481484
8 0.193056640625 0.35712962962962963 0.01059326171875 0.021324074074074075
8 0.18067138671875 0.35960185185185184 0.00994140625 0.010819444444444446
9 0.2099267578125 0.45649537037037036 0.0254248046875 0.04203240740740741
5 0.30258544921875 0.6102592592592593 0.01939453125 0.037398148148148146
9 0.35033935546875 0.6974166666666667 0.02004638671875 0.04234259259259259
9 0.4434375 0.6742037037037036 0.02266845703125 0.03480092592592593
9 0.48113525390625 0.6890740740740741 0.0149951171875 0.0435787037037037
9 0.4797509765625 0.8184212962962962 0.01906982421875 0.027199074074074073
9 0.4553857421875 0.8184212962962962 0.01988525390625 0.0265787037037037
9 0.42857421875 0.8287731481481482 0.01743896484375 0.03306944444444445
9 0.412763671875 0.8581342592592592 0.015810546875 0.034305555555555554
9 0.52987060546875 0.8582916666666667 0.0176025390625 0.029050925925925924
9 0.55619140625 0.8797685185185184 0.0223291015625 0.02750925925925926
6 0.579091796875 0.8959953703703704 0.01369140625 0.029671296296296296
9 0.32955810546875 0.9316944444444445 0.0192333984375 0.036162037037037034
9 0.36484619140625 0.8947592592592593 0.0223291015625 0.03461574074074074
9 0.39165771484375 0.8774537037037037 0.02216552734375 0.04326851851851852
6 0.46337158203125 0.7790138888888889 0.01988525390625 0.020708333333333332
9 0.4413671875 0.8553518518518518 0.0192333984375 0.046050925925925926
5 0.4913232421875 0.9252037037037038 0.0206982421875 0.036162037037037034
5 0.48667724609375 0.8899675925925925 0.01140869140625 0.031217592592592595
5 0.51634033203125 0.8929074074074075 0.017275390625 0.03152314814814815
6 0.4724169921875 0.8494814814814815 0.01743896484375 0.020708333333333332
6 0.623994140625 0.9709444444444444 0.01776611328125 0.023796296296296295
6 0.6014208984375 0.9401944444444444 0.0107568359375 0.03337962962962963
8 0.73547607421875 0.8256805555555555 0.0086376953125 0.015763888888888886
8 0.72610595703125 0.8429907407407407 0.0081494140625 0.016999999999999998
8 0.746396484375 0.8487083333333334 0.00831298828125 0.016069444444444445
8 0.7613916015625 0.8385092592592593 0.00700927734375 0.015453703703703706
8 0.657080078125 0.8188842592592592 0.00831298828125 0.013907407407407407
9 0.65382080078125 0.7607777777777778 0.01646240234375 0.038634259259259264
9 0.7030419921875 0.497912037037037 0.01352783203125 0.04883333333333333
9 0.717548828125 0.44042592592592594 0.01092041015625 0.05254166666666667
8 0.409775390625 0.5785509259259259 0.00858154296875 0.014412037037037037
8 0.35890625 0.8263333333333334 0.00784423828125 0.019060185185185187
8 0.33475830078125 0.8723564814814815 0.00760009765625 0.017199074074074075
8 0.3446875 0.8781666666666667 0.007353515625 0.014875000000000001
8 0.34983642578125 0.8556203703703704 0.007353515625 0.015342592592592593
8 0.336474609375 0.8872314814814816 0.00760009765625 0.014412037037037037
8 0.44287109375 0.6217824074074074 0.00661865234375 0.011620370370370371
8 0.4509619140625 0.6410787037037037 0.0080908203125 0.01673611111111111
6 0.473515625 0.6317777777777778 0.013974609375 0.02510185185185185
6 0.50391357421875 0.6729212962962963 0.01593505859375 0.02277777777777778
6 0.41418701171875 0.5308981481481482 0.01005126953125 0.03254166666666667
8 0.50219970703125 0.5046342592592593 0.0036767578125 0.012550925925925925
8 0.49888916015625 0.48138888888888887 0.00637451171875 0.012550925925925925
8 0.49300537109375 0.4344351851851852 0.00490234375 0.011620370370370371
8 0.49643798828125 0.4267638888888889 0.006865234375 0.009296296296296296
8 0.51911376953125 0.4339722222222222 0.007109375 0.011620370370370371
8 0.51090087890625 0.5055648148148149 0.0083349609375 0.017199074074074075
8 0.53419189453125 0.44698611111111114 0.0058837890625 0.012550925925925925
9 0.44814208984375 0.3600555555555556 0.01225830078125 0.046953703703703706
6 0.69010986328125 0.2840462962962963 0.007353515625 0.036259259259259255
8 0.6033251953125 0.275212962962963 0.0083349609375 0.014875000000000001
6 0.225419921875 0.9118703703703704 0.01642578125 0.033004629629629634
9 0.19783935546875 0.9165231481481482 0.02157470703125 0.041375
9 0.445078125 0.24429629629629626 0.01838623046875 0.042305555555555555
9 0.47535400390625 0.14574074074074075 0.01617919921875 0.043236111111111114
9 0.483076171875 0.17805092592592592 0.01838623046875 0.04369907407407408
9 0.61840087890625 0.10575925925925926 0.01593505859375 0.046953703703703706
9 0.49643798828125 0.022314814814814815 0.01912109375 0.03533333333333333
6 0.29537353515625 0.09963425925925927 0.00974609375 0.04241203703703704
6 0.3208837890625 0.10540277777777778 0.011044921875 0.040916666666666664
6 0.2714453125 0.1269074074074074 0.01321533203125 0.04149537037037037
3 0.3150390625 0.15535185185185185 0.02957763671875 0.03202314814814815
6 0.25005859375 0.14574074074074075 0.02206298828125 0.016273148148148148
6 0.19636962890625 0.11691666666666667 0.01569091796875 0.0265
5 0.201640625 0.09367592592592593 0.0257421875 0.03486574074074074
9 0.20470458984375 0.14760185185185185 0.0284375 0.032078703703703706
6 0.4130859375 0.1429537037037037 0.01814208984375 0.02277777777777778
3 0.364111328125 0.11904629629629629 0.028642578125 0.04731944444444444
8 0.44238037109375 0.10715740740740741 0.009560546875 0.017199074074074075
9 0.45194091796875 0.08298148148148149 0.018876953125 0.029287037037037035