8 0.28992919921875 0.8112916666666667 0.03830322265625 0.20280092592592594
9 0.37565185546875 0.7962731481481482 0.06120361328125 0.19173148148148147
9 0.3503955078125 0.7043935185185185 0.03412109375 0.12421759259259259
9 0.32548583984375 0.6618564814814815 0.0250830078125 0.10284722222222223
8 0.2829443359375 0.6393101851851852 0.01439697265625 0.07748148148148148
8 0.24317626953125 0.6103518518518518 0.0137353515625 0.059472222222222225
9 0.32534423828125 0.5802777777777778 0.0146044921875 0.045689814814814815
9 0.3087353515625 0.5749722222222222 0.012841796875 0.04106944444444444
9 0.30153564453125 0.5657777777777777 0.010576171875 0.036620370370370366
9 0.28878173828125 0.5563657407407407 0.00878662109375 0.02902777777777778
9 0.27541748046875 0.5526388888888889 0.0079541015625 0.027949074074074074
9 0.3414501953125 0.5675694444444445 0.011806640625 0.028125
9 0.3429833984375 0.5902962962962963 0.0161572265625 0.026962962962962963
9 0.36625732421875 0.5934398148148148 0.01560546875 0.051550925925925924
2 0.3981201171875 0.5893703703703703 0.01856689453125 0.04210185185185185
9 0.41333740234375 0.5709398148148148 0.0133154296875 0.03878703703703704
9 0.40226318359375 0.5650555555555555 0.01259521484375 0.03410648148148148
9 0.36558837890625 0.5550694444444445 0.010927734375 0.02609722222222222
9 0.49470458984375 0.5984861111111112 0.0222119140625 0.0619861111111111
9 0.46651123046875 0.5825092592592592 0.01794921875 0.04713425925925926
6 0.472060546875 0.602875 0.01513916015625 0.053898148148148146
8 0.42025390625 0.7033935185185185 0.02326416015625 0.11025925925925925
9 0.47010986328125 0.7079907407407408 0.040009765625 0.14230092592592594
9 0.48596923828125 0.7746851851851851 0.057783203125 0.16710185185185186
3 0.59258544921875 0.7647962962962963 0.09237060546875 0.19367592592592592
6 0.66964111328125 0.7570648148148148 0.05555419921875 0.15561111111111112
9 0.69989990234375 0.6644629629629629 0.05406005859375 0.10847222222222223
9 0.654609375 0.635787037037037 0.04188232421875 0.09177777777777778
9 0.60737060546875 0.6253472222222223 0.03692138671875 0.08321759259259259
9 0.557587890625 0.6079398148148148 0.0267626953125 0.06824537037037037
8 0.7920361328125 0.6592361111111111 0.0263232421875 0.08954629629629629
9 0.81603515625 0.8789212962962963 0.158740234375 0.24216203703703706
8 0.260625 0.6178518518518519 0.0130712890625 0.06845370370370371
9 0.28100830078125 0.589675925925926 0.01587158203125 0.04691666666666667
9 0.347216796875 0.5517592592592593 0.0079345703125 0.024194444444444442
8 0.27037841796875 0.5921018518518518 0.00908935546875 0.04330092592592592