2 0.80890625 0.7969583333333333 0.1084326171875 0.14771296296296296
2 0.89854736328125 0.7551805555555556 0.05373046875 0.0888287037037037
3 0.71756103515625 0.7267824074074074 0.03463623046875 0.08863425925925926
8 0.64533447265625 0.7159074074074073 0.0156982421875 0.08240277777777778
2 0.8203076171875 0.7220787037037038 0.04676025390625 0.06027777777777777
2 0.7799560546875 0.6874537037037037 0.043232421875 0.06788425925925926
3 0.8123193359375 0.6404074074074074 0.02650634765625 0.056254629629629634
6 0.73794921875 0.645087962962963 0.01513671875 0.057902777777777775
2 0.880048828125 0.7008888888888889 0.06092041015625 0.06789814814814815
3 0.8899658203125 0.6608240740740742 0.02807373046875 0.05622222222222222
2 0.7380419921875 0.5873472222222222 0.02287353515625 0.04273148148148148
7 0.69630859375 0.6011064814814815 0.020810546875 0.06527777777777778
2 0.80745361328125 0.5461712962962963 0.01594970703125 0.022337962962962962
9 0.85236083984375 0.5773148148148148 0.01494384765625 0.04201851851851852
2 0.81736572265625 0.5643564814814814 0.01715087890625 0.03149537037037037
2 0.79599853515625 0.5719212962962963 0.016240234375 0.03169444444444444
2 0.8018896484375 0.5258611111111111 0.01758544921875 0.022615740740740742
2 0.9854833984375 0.5745925925925925 0.029033203125 0.0350462962962963
9 0.9900830078125 0.6052175925925926 0.019833984375 0.05715277777777778
2 0.860341796875 0.6447453703703704 0.03841064453125 0.07022222222222223
10 0.96762939453125 0.5526388888888889 0.03038818359375 0.05114351851851852
9 0.88607666015625 0.5489305555555556 0.009345703125 0.03308333333333333
6 0.8766259765625 0.5444814814814815 0.0066845703125 0.028587962962962964
10 0.83490234375 0.5688287037037038 0.02148193359375 0.04362962962962963
9 0.88248046875 0.533787037037037 0.00842041015625 0.03160648148148148
2 0.78571044921875 0.5508703703703705 0.0146142578125 0.01826388888888889
2 0.78365234375 0.5209351851851852 0.01455810546875 0.022625
2 0.8130224609375 0.5200046296296297 0.01019775390625 0.018787037037037036
2 0.793740234375 0.5586064814814814 0.01675537109375 0.019004629629629628
2 0.8056103515625 0.5030648148148148 0.01230712890625 0.015476851851851851
2 0.83210693359375 0.49686574074074075 0.0081201171875 0.019569444444444445
2 0.82127197265625 0.5256944444444445 0.013359375 0.018532407407407407
2 0.82035888671875 0.5121111111111112 0.011044921875 0.008050925925925927
2 0.84089599609375 0.6306527777777778 0.02608642578125 0.04980092592592592
3 0.80619873046875 0.6288842592592593 0.0233935546875 0.05853703703703703
3 0.8037353515625 0.5799074074074073 0.0155810546875 0.039726851851851853
2 0.8117041015625 0.5884953703703704 0.02557861328125 0.03083333333333333
2 0.81394775390625 0.6119675925925926 0.027255859375 0.04252314814814814
2 0.7722607421875 0.6535185185185185 0.03585205078125 0.05763425925925926
10 0.77177734375 0.6096527777777777 0.02665283203125 0.054050925925925926
2 0.7622216796875 0.5780046296296296 0.01859130859375 0.034430555555555555