9 0.52815673828125 0.8703703703703703 0.03662109375 0.12345833333333334
9 0.47119140625 0.8209861111111111 0.02360107421875 0.12345833333333334
9 0.50618408203125 0.8074861111111111 0.0244140625 0.07021759259259258
9 0.53609130859375 0.6716805555555555 0.01912353515625 0.05632870370370371
9 0.55704833984375 0.6558657407407408 0.01302001953125 0.05401388888888889
9 0.56396484375 0.5875787037037037 0.00895263671875 0.028550925925925928
2 0.3265380859375 0.7044768518518519 0.03865478515625 0.05709722222222222
1 0.360107421875 0.6114953703703704 0.01953125 0.054782407407407405
8 0.62276123046875 0.8827175925925926 0.010986328125 0.0987638888888889
8 0.62154052734375 0.8167453703703704 0.018310546875 0.03163425925925926
8 0.6195068359375 0.7608009259259259 0.01424072265625 0.06018518518518518