9 0.25561279296875 0.9054305555555555 0.048671875 0.08493055555555555
9 0.30524658203125 0.9012638888888889 0.0490087890625 0.09078703703703704
9 0.36954833984375 0.8951666666666667 0.0532373046875 0.09433796296296297
2 0.44770751953125 0.9242546296296297 0.10752197265625 0.10408796296296297
8 0.5415625 0.8223935185185185 0.01355712890625 0.08091666666666666
8 0.49310546875 0.98125 0.07384521484375 0.0375
8 0.5137841796875 0.8426712962962963 0.01705810546875 0.07056944444444445
9 0.5844091796875 0.8091203703703704 0.0357763671875 0.07255555555555555
10 0.68336181640625 0.9143703703703704 0.110654296875 0.1157962962962963
2 0.63005859375 0.9777777777777777 0.08802734375 0.044444444444444446
9 0.6936865234375 0.9708333333333333 0.041484375 0.058333333333333334
2 0.741455078125 0.9579444444444444 0.09015380859375 0.08410648148148148
2 0.80948974609375 0.8943148148148148 0.06413330078125 0.10221296296296296
2 0.86131591796875 0.8457731481481481 0.05519775390625 0.053578703703703705
9 0.87093505859375 0.938699074074074 0.035966796875 0.12259722222222222
3 0.8356591796875 0.9798611111111111 0.04548095703125 0.04027314814814815
9 0.909697265625 0.8763333333333334 0.03412353515625 0.07766666666666666
8 0.588408203125 0.9117500000000001 0.01425537109375 0.08363888888888889
8 0.6281591796875 0.9185416666666667 0.0181591796875 0.09228240740740741
9 0.6636767578125 0.8073564814814815 0.03574951171875 0.07259722222222223
8 0.5844970703125 0.8512175925925927 0.01425537109375 0.05650462962962963
9 0.81063232421875 0.8122962962962963 0.0272509765625 0.06270833333333332
9 0.85429443359375 0.9105092592592593 0.02985107421875 0.10587962962962963
6 0.1321875 0.9322175925925925 0.032666015625 0.08799537037037036
6 0.13707763671875 0.8920601851851852 0.03462158203125 0.07189814814814816
9 0.0927587890625 0.9315648148148148 0.0579248046875 0.10596759259259259
9 0.05398193359375 0.9161203703703703 0.044248046875 0.09486111111111112
9 0.01853759765625 0.941486111111111 0.03707275390625 0.11148148148148149
8 0.14587158203125 0.8554907407407407 0.01555419921875 0.07494444444444444
8 0.07646728515625 0.8369629629629629 0.02012939453125 0.07001388888888889
8 0.1826904296875 0.8493148148148149 0.016201171875 0.07741666666666666
5 0.842900390625 0.7925231481481481 0.03313232421875 0.06270833333333332