2 0.49847900390625 0.8941481481481481 0.1021630859375 0.10615277777777778
9 0.3858154296875 0.9059722222222223 0.039404296875 0.12582870370370372
9 0.38349609375 0.8154444444444444 0.03183837890625 0.06977777777777777
3 0.420234375 0.7712268518518518 0.03892333984375 0.08319444444444445
5 0.439521484375 0.8170555555555555 0.04673828125 0.07051851851851852
2 0.48212158203125 0.7883472222222222 0.06163818359375 0.09090277777777778
3 0.561337890625 0.8635833333333333 0.08142333984375 0.1302361111111111
2 0.56110107421875 0.8166712962962963 0.09821533203125 0.10725462962962963
2 0.719013671875 0.9383657407407406 0.155576171875 0.12327314814814815
2 0.329794921875 0.9805555555555555 0.18318359375 0.03888888888888889
9 0.8043603515625 0.9098842592592592 0.073896484375 0.1580138888888889
9 0.69939208984375 0.8161157407407407 0.0592236328125 0.11406944444444443
2 0.4731494140625 0.6714259259259259 0.038076171875 0.06085648148148148
9 0.91922119140625 0.9172962962962963 0.1469091796875 0.15244907407407407
9 0.805322265625 0.8026203703703704 0.05373291015625 0.1147175925925926
6 0.599365234375 0.9363425925925926 0.04638671875 0.11805555555555555
8 0.767822265625 0.8136574074074074 0.0146484375 0.0763888888888889
9 0.647880859375 0.7815555555555556 0.0448681640625 0.09551388888888888
9 0.6109619140625 0.7546296296296297 0.028076171875 0.08796296296296297
9 0.3997802734375 0.6990740740740741 0.018310546875 0.041666666666666664
9 0.418701171875 0.7013888888888888 0.01953125 0.041666666666666664
2 0.357666015625 0.7777777777777778 0.0390625 0.06944444444444445
3 0.513798828125 0.7134722222222222 0.0341162109375 0.06582870370370371
6 0.74076171875 0.777837962962963 0.03947265625 0.05568055555555555
9 0.6842041015625 0.7418981481481481 0.025634765625 0.03935185185185185
8 0.938720703125 0.8206018518518519 0.01953125 0.08101851851851852
2 0.4400634765625 0.6539351851851852 0.035400390625 0.05324074074074074
2 0.4034423828125 0.6354166666666666 0.032958984375 0.04398148148148148
2 0.46142578125 0.6273148148148148 0.0244140625 0.027777777777777776
2 0.5108642578125 0.6597222222222222 0.023193359375 0.032407407407407406
1 0.38818359375 0.6041666666666666 0.04638671875 0.037037037037037035
9 0.65175048828125 0.733875 0.03444091796875 0.05571759259259259
9 0.4736328125 0.9444444444444444 0.068359375 0.1111111111111111
2 0.5712060546875 0.7575787037037036 0.08295166015625 0.11357407407407408
8 0.34677734375 0.8265833333333333 0.01764404296875 0.10123148148148148
9 0.5588916015625 0.683875 0.02510986328125 0.03726388888888889
9 0.5840673828125 0.683875 0.01653564453125 0.03726388888888889
9 0.6269189453125 0.7051990740740741 0.02081298828125 0.041310185185185186
9 0.6087060546875 0.6935231481481482 0.0208154296875 0.03624074074074074
3 0.5843359375 0.6432407407407408 0.0160009765625 0.02100925925925926
3 0.567998046875 0.6412129629629629 0.01760986328125 0.016949074074074075
3 0.550322265625 0.6498425925925926 0.019755859375 0.02201851851851852