8 0.320390625 0.9094259259259259 0.02133056640625 0.11818981481481482
8 0.4959130859375 0.7985324074074074 0.01696533203125 0.0853425925925926
8 0.5425390625 0.796212962962963 0.01892333984375 0.07146296296296296
8 0.56621826171875 0.7904305555555555 0.0155126953125 0.07840277777777778
9 0.44220947265625 0.9483796296296296 0.07310302734375 0.10324074074074074
9 0.61089111328125 0.8300185185185185 0.0396533203125 0.09181481481481481
9 0.64103759765625 0.8689074074074074 0.04623779296875 0.11125925925925925
2 0.6974267578125 0.9133611111111111 0.11018798828125 0.15198611111111113
2 0.765302734375 0.9460648148148149 0.1105078125 0.10787037037037037
9 0.68777099609375 0.8087592592592593 0.0326611328125 0.06890277777777779
9 0.66522705078125 0.7727962962962963 0.0345556640625 0.06366666666666668
6 0.74196533203125 0.8320648148148148 0.01867431640625 0.06858796296296296
9 0.7232470703125 0.7723333333333333 0.0447998046875 0.09237037037037038
8 0.5904443359375 0.7818240740740741 0.019267578125 0.08110648148148147
8 0.64968505859375 0.7431620370370371 0.01486572265625 0.08589814814814814
8 0.6635205078125 0.7118333333333333 0.012802734375 0.06522685185185184
8 0.7153955078125 0.7125231481481481 0.01240478515625 0.060754629629629624
9 0.71198974609375 0.6668657407407408 0.01425537109375 0.038828703703703706
9 0.76886962890625 0.6817916666666667 0.01768310546875 0.05400462962962963
6 0.75336669921875 0.7254351851851852 0.02671142578125 0.06163425925925926
9 0.77820556640625 0.7279814814814815 0.01929931640625 0.06117129629629629
9 0.79175537109375 0.7135092592592593 0.0243994140625 0.06001851851851851
6 0.795966796875 0.7614351851851852 0.024521484375 0.06602314814814815
9 0.81756103515625 0.7241805555555556 0.01885009765625 0.052875
6 0.80625 0.6758703703703705 0.02356689453125 0.04763888888888889
6 0.8261865234375 0.6584305555555555 0.0178759765625 0.04239814814814815
2 0.84823486328125 0.7372962962962962 0.06040283203125 0.06676388888888889
2 0.873095703125 0.8014259259259259 0.060478515625 0.08665277777777777
3 0.8892919921875 0.8887037037037037 0.05279541015625 0.1250601851851852
6 0.84254150390625 0.683587962962963 0.01934326171875 0.06307407407407407
6 0.880380859375 0.6937731481481482 0.01690673828125 0.06121759259259259
3 0.9287158203125 0.7744953703703704 0.02442138671875 0.09422222222222222
9 0.9419775390625 0.8306712962962963 0.03304443359375 0.10531944444444445
8 0.7330322265625 0.6886574074074074 0.013427734375 0.05324074074074074
8 0.2117919921875 0.9351851851851852 0.032958984375 0.12962962962962962